0.000	6.818E-2	0.333
0.033	4.691E-2	0.334
0.067	1.910E-2	0.337
0.100	-9.003E-3	0.337
0.133	-3.535E-2	0.334
0.167	-6.019E-2	0.331
0.200	-8.540E-2	0.327
0.234	-0.104	0.323
0.267	-0.125	0.319
0.300	-0.134	0.313
0.334	-0.141	0.309
0.367	-0.145	0.307
0.400	-0.144	0.307
0.434	-0.140	0.310
0.467	-0.131	0.313
0.500	-0.118	0.318
0.534	-0.100	0.324
0.567	-7.880E-2	0.330
0.600	-5.155E-2	0.334
0.634	-2.743E-2	0.338
0.667	-2.914E-3	0.339
0.701	2.289E-2	0.338
0.734	4.932E-2	0.335
0.767	7.279E-2	0.333
0.801	9.618E-2	0.328
0.834	0.103	0.332
0.867	0.119	0.324
0.901	0.129	0.320
0.934	0.134	0.317
0.967	0.135	0.316
1.001	0.133	0.318
1.034	0.123	0.321
1.068	0.110	0.326
1.101	9.677E-2	0.329
1.134	8.791E-2	0.327
1.168	6.371E-2	0.333
1.201	3.827E-2	0.338
1.234	1.611E-2	0.337
1.268	-1.138E-2	0.338
1.301	-3.948E-2	0.335
1.334	-6.401E-2	0.331
1.368	-8.842E-2	0.328
1.401	-0.109	0.324
1.434	-0.124	0.319
1.468	-0.133	0.313
1.501	-0.141	0.309
1.535	-0.143	0.307
1.568	-0.143	0.307
1.601	-0.137	0.309
1.635	-0.129	0.313
1.668	-0.115	0.318
1.701	-9.871E-2	0.324
1.735	-7.610E-2	0.329
1.768	-5.459E-2	0.334
1.801	-2.931E-2	0.337
1.835	-4.537E-3	0.339
1.868	2.411E-2	0.337
1.902	4.320E-2	0.337
1.935	6.615E-2	0.335
1.968	8.831E-2	0.331
2.002	0.108	0.325
2.035	0.122	0.320
2.068	0.132	0.316
2.102	0.133	0.317
2.135	0.134	0.316
2.168	0.135	0.314
2.202	0.128	0.316
2.235	0.118	0.319
2.268	9.776E-2	0.327
2.302	8.597E-2	0.328
2.335	6.187E-2	0.334
2.369	3.821E-2	0.338
2.402	1.324E-2	0.339
2.435	-1.090E-2	0.337
2.469	-3.648E-2	0.335
2.502	-5.929E-2	0.331
2.535	-8.127E-2	0.327
2.569	-9.967E-2	0.322
2.602	-0.116	0.318
2.635	-0.133	0.316
2.669	-0.137	0.311
2.702	-0.141	0.310
2.735	-0.140	0.310
2.769	-0.134	0.312
2.802	-0.125	0.316
2.836	-0.111	0.320
2.869	-9.409E-2	0.325
2.902	-7.428E-2	0.330
2.936	-5.198E-2	0.335
2.969	-2.811E-2	0.338
3.002	-1.368E-3	0.338
3.036	2.908E-2	0.335
3.069	5.424E-2	0.331
3.102	7.115E-2	0.332
3.136	9.161E-2	0.329
3.169	0.109	0.324
3.203	0.121	0.320
3.236	0.132	0.315
3.269	0.132	0.317
3.303	0.132	0.317
3.336	0.129	0.318
3.369	0.130	0.315
3.403	0.119	0.319
3.436	0.122	0.303
3.469	8.182E-2	0.327
3.503	6.127E-2	0.331
3.536	3.977E-2	0.337
3.569	1.518E-2	0.338
3.603	-5.416E-3	0.336
3.636	-3.445E-2	0.336
3.670	-5.796E-2	0.332
3.703	-8.036E-2	0.329
3.736	-9.763E-2	0.325
3.770	-0.113	0.321
3.803	-0.126	0.318
3.836	-0.133	0.314
3.870	-0.134	0.312
3.903	-0.133	0.312
3.936	-0.127	0.314
3.970	-0.118	0.318
4.003	-0.104	0.322
4.037	-8.826E-2	0.327
4.070	-6.768E-2	0.331
4.103	-4.486E-2	0.334
4.137	-1.761E-2	0.336
4.170	5.239E-3	0.337
4.203	2.673E-2	0.338
4.237	4.875E-2	0.336
4.270	6.875E-2	0.335
4.303	9.162E-2	0.330
4.337	0.109	0.326
4.370	0.124	0.320
4.403	0.121	0.325
4.437	0.132	0.318
4.470	0.133	0.318
4.504	0.130	0.318
4.537	0.123	0.321
4.570	0.111	0.325
4.604	9.773E-2	0.328
4.637	7.855E-2	0.333
4.670	6.034E-2	0.336
4.704	3.690E-2	0.339
4.737	2.039E-2	0.336
4.770	-7.290E-3	0.337
4.804	-3.026E-2	0.335
4.837	-5.195E-2	0.331
4.871	-7.887E-2	0.330
4.904	-9.501E-2	0.326
4.937	-0.109	0.322
4.971	-0.119	0.318
5.004	-0.125	0.315
5.037	-0.128	0.313
5.071	-0.127	0.314
5.104	-0.122	0.316
5.137	-0.113	0.319
5.171	-0.101	0.324
5.204	-8.539E-2	0.328
5.237	-6.549E-2	0.332
5.271	-4.409E-2	0.336
5.304	-2.079E-2	0.338
5.338	2.288E-3	0.339
5.371	3.349E-2	0.334
5.404	5.198E-2	0.334
5.438	6.924E-2	0.335
5.471	8.349E-2	0.335
5.504	9.811E-2	0.333
5.538	0.110	0.329
5.571	0.118	0.326
5.604	0.122	0.325
5.638	0.122	0.324
5.671	0.119	0.325
5.705	0.112	0.328
5.738	0.112	0.323
5.771	8.929E-2	0.333
5.805	8.062E-2	0.331
5.838	5.909E-2	0.334
5.871	3.684E-2	0.337
5.905	1.405E-2	0.338
5.938	-8.570E-3	0.336
5.971	-3.433E-2	0.335
6.005	-6.090E-2	0.335
6.038	-7.840E-2	0.330
6.071	-9.454E-2	0.326
6.105	-0.108	0.322
6.138	-0.119	0.319
6.172	-0.124	0.316
6.205	-0.127	0.315
6.238	-0.125	0.315
6.272	-0.120	0.317
6.305	-0.111	0.320
6.338	-9.859E-2	0.324
6.372	-8.272E-2	0.329
6.405	-6.479E-2	0.334
6.438	-4.237E-2	0.336
6.472	-1.909E-2	0.338
6.505	4.228E-3	0.338
6.538	2.913E-2	0.337
6.572	4.482E-2	0.338
6.605	6.536E-2	0.336
6.639	8.203E-2	0.335
6.672	9.391E-2	0.334
6.705	0.109	0.328
6.739	0.117	0.325
6.772	0.121	0.323
6.805	0.121	0.323
6.839	0.118	0.324
6.872	0.109	0.327
6.905	9.724E-2	0.330
6.939	8.022E-2	0.335
6.972	6.749E-2	0.336
7.006	5.188E-2	0.337
7.039	2.941E-2	0.340
7.072	9.010E-3	0.339
7.106	-1.220E-2	0.337
7.139	-3.788E-2	0.336
7.172	-5.799E-2	0.332
7.206	-7.534E-2	0.328
7.239	-9.509E-2	0.326
7.272	-0.111	0.324
7.306	-0.119	0.320
7.339	-0.129	0.319
7.372	-0.131	0.318
7.406	-0.129	0.318
7.439	-0.116	0.318
7.473	-0.107	0.321
7.506	-9.361E-2	0.324
7.539	-7.743E-2	0.328
7.573	-5.980E-2	0.333
7.606	-4.056E-2	0.337
7.639	-1.916E-2	0.339
7.673	3.257E-3	0.340
7.706	2.540E-2	0.339
7.739	4.719E-2	0.337
7.773	6.709E-2	0.335
7.806	7.990E-2	0.336
7.840	9.275E-2	0.334
7.873	0.103	0.331
7.906	0.112	0.327
7.940	0.117	0.325
7.973	0.116	0.325
8.006	0.112	0.326
8.040	0.104	0.328
8.073	9.299E-2	0.331
8.106	7.759E-2	0.335
8.140	6.510E-2	0.336
8.173	4.607E-2	0.339
8.206	2.474E-2	0.341
8.240	-1.316E-3	0.342
8.273	-1.535E-2	0.337
8.307	-4.235E-2	0.337
8.340	-6.200E-2	0.333
8.373	-7.832E-2	0.329
8.407	-9.297E-2	0.326
8.440	-0.104	0.322
8.473	-0.112	0.319
8.507	-0.116	0.317
8.540	-0.117	0.316
8.573	-0.116	0.317
8.607	-0.110	0.319
8.640	-0.101	0.322
8.674	-8.945E-2	0.326
8.707	-7.455E-2	0.330
8.740	-5.729E-2	0.335
8.774	-3.763E-2	0.338
8.807	-1.506E-2	0.339
8.840	7.817E-3	0.339
8.874	2.755E-2	0.339
8.907	4.839E-2	0.337
8.940	6.377E-2	0.337
8.974	7.826E-2	0.337
9.007	9.045E-2	0.335
9.040	0.100	0.332
9.074	0.105	0.331
9.107	0.108	0.330
9.141	0.107	0.330
9.174	0.103	0.331
9.207	9.589E-2	0.332
9.241	9.677E-2	0.328
9.274	8.088E-2	0.332
9.307	6.590E-2	0.333
9.341	4.431E-2	0.338
9.374	1.823E-2	0.342
9.407	-2.204E-3	0.341
9.441	-2.237E-2	0.339
9.474	-4.422E-2	0.337
9.508	-6.321E-2	0.334
9.541	-7.814E-2	0.330
9.574	-9.125E-2	0.326
9.608	-0.102	0.323
9.641	-0.110	0.320
9.674	-0.121	0.321
9.708	-0.122	0.320
9.741	-0.112	0.319
9.774	-0.106	0.321
9.808	-9.693E-2	0.324
9.841	-8.277E-2	0.327
9.874	-6.838E-2	0.331
9.908	-5.025E-2	0.335
9.941	-3.101E-2	0.337
9.975	-1.102E-2	0.339
10.008	1.062E-2	0.339
10.041	3.332E-2	0.337
10.075	5.506E-2	0.334
10.108	6.433E-2	0.337
10.141	7.613E-2	0.338
10.175	9.493E-2	0.332
10.208	0.101	0.331
10.241	0.107	0.329
10.275	0.110	0.328
10.308	0.108	0.328
10.341	0.103	0.329
10.375	0.101	0.327
10.408	8.966E-2	0.330
10.442	7.456E-2	0.334
10.475	5.790E-2	0.336
10.508	3.813E-2	0.340
10.542	1.437E-2	0.343
10.575	-6.121E-3	0.342
10.608	-1.963E-2	0.336
10.642	-3.989E-2	0.334
10.675	-6.333E-2	0.334
10.708	-7.852E-2	0.331
10.742	-9.168E-2	0.327
10.775	-9.954E-2	0.323
10.809	-0.107	0.321
10.842	-0.110	0.319
10.875	-0.111	0.319
10.909	-0.108	0.320
10.942	-0.102	0.322
10.975	-9.198E-2	0.325
11.009	-7.863E-2	0.329
11.042	-6.607E-2	0.334
11.075	-4.615E-2	0.336
11.109	-2.581E-2	0.337
11.142	-4.436E-3	0.338
11.175	1.623E-2	0.337
11.209	3.215E-2	0.339
11.242	5.313E-2	0.336
11.276	6.579E-2	0.337
11.309	7.980E-2	0.336
11.342	9.111E-2	0.334
11.376	9.881E-2	0.332
11.409	0.102	0.331
11.442	0.103	0.330
11.476	0.102	0.331
11.509	9.655E-2	0.332
11.542	8.860E-2	0.334
11.576	8.594E-2	0.331
11.609	6.742E-2	0.336
11.643	6.291E-2	0.331
11.676	3.750E-2	0.337
11.709	2.121E-2	0.337
11.743	-4.646E-3	0.338
11.776	-2.241E-2	0.336
11.809	-4.207E-2	0.333
11.843	-6.384E-2	0.333
11.876	-7.922E-2	0.330
11.909	-9.095E-2	0.327
11.943	-9.933E-2	0.324
11.976	-0.106	0.322
12.009	-0.108	0.320
12.043	-0.108	0.320
12.076	-0.105	0.321
12.110	-9.770E-2	0.323
12.143	-8.805E-2	0.326
12.176	-7.488E-2	0.330
12.210	-6.020E-2	0.333
12.243	-4.290E-2	0.336
12.276	-2.480E-2	0.338
12.310	-5.127E-3	0.339
12.343	1.508E-2	0.338
12.376	3.206E-2	0.339
12.410	5.011E-2	0.338
12.443	6.264E-2	0.339
12.477	7.572E-2	0.337
12.510	8.778E-2	0.334
12.543	9.389E-2	0.333
12.577	9.842E-2	0.331
12.610	9.939E-2	0.331
12.643	9.690E-2	0.331
12.677	9.096E-2	0.333
12.710	9.363E-2	0.328
12.743	8.129E-2	0.331
12.777	6.658E-2	0.335
12.810	4.915E-2	0.337
12.843	2.473E-2	0.342
12.877	8.610E-3	0.341
12.910	-1.018E-2	0.339
12.944	-2.809E-2	0.336
12.977	-4.996E-2	0.336
13.010	-6.631E-2	0.332
13.044	-7.981E-2	0.329
13.077	-9.184E-2	0.327
13.110	-9.958E-2	0.324
13.144	-0.105	0.322
13.177	-0.107	0.321
13.210	-0.106	0.321
13.244	-0.102	0.322
13.277	-9.481E-2	0.324
13.311	-8.427E-2	0.327
13.344	-7.218E-2	0.331
13.377	-5.725E-2	0.334
13.411	-4.095E-2	0.337
13.444	-2.237E-2	0.339
13.477	-3.229E-3	0.340
13.511	1.517E-2	0.340
13.544	3.291E-2	0.339
13.577	4.758E-2	0.339
13.611	6.037E-2	0.340
13.644	7.814E-2	0.335
13.677	8.601E-2	0.336
13.711	9.069E-2	0.334
13.744	9.452E-2	0.333
13.778	9.487E-2	0.332
13.811	9.191E-2	0.333
13.844	9.789E-2	0.327
13.878	8.822E-2	0.330
13.911	7.623E-2	0.332
13.944	6.086E-2	0.335
13.978	4.455E-2	0.337
14.011	2.541E-2	0.340
14.044	1.043E-2	0.337
14.078	-8.543E-3	0.337
14.111	-3.158E-2	0.336
14.145	-5.324E-2	0.335
14.178	-6.322E-2	0.330
14.211	-7.644E-2	0.327
14.245	-8.595E-2	0.324
14.278	-9.354E-2	0.322
14.311	-9.806E-2	0.321
14.345	-9.913E-2	0.320
14.378	-9.824E-2	0.320
14.411	-9.381E-2	0.321
14.445	-8.570E-2	0.323
14.478	-7.603E-2	0.326
14.511	-6.258E-2	0.329
14.545	-4.791E-2	0.332
14.578	-3.258E-2	0.335
14.612	-1.511E-2	0.337
14.645	3.846E-3	0.337
14.678	2.229E-2	0.337
14.712	3.985E-2	0.336
14.745	5.586E-2	0.336
14.778	7.151E-2	0.333
14.812	7.642E-2	0.336
14.845	8.592E-2	0.335
14.878	9.330E-2	0.332
14.912	9.612E-2	0.331
14.945	9.590E-2	0.331
14.978	9.253E-2	0.332
15.012	8.583E-2	0.333
15.045	7.370E-2	0.337
15.079	6.021E-2	0.339
15.112	5.451E-2	0.338
15.145	3.952E-2	0.339
15.179	2.126E-2	0.340
15.212	-2.173E-3	0.341
15.245	-1.961E-2	0.339
15.279	-3.697E-2	0.337
15.312	-5.308E-2	0.334
15.345	-6.782E-2	0.331
15.379	-7.952E-2	0.329
15.412	-8.865E-2	0.326
15.446	-9.530E-2	0.324
15.479	-9.873E-2	0.323
15.512	-9.973E-2	0.322
15.546	-9.784E-2	0.323
15.579	-9.252E-2	0.324
15.612	-8.515E-2	0.326
15.646	-7.382E-2	0.329
15.679	-6.109E-2	0.332
15.712	-4.535E-2	0.335
15.746	-2.914E-2	0.337
15.779	-1.191E-2	0.338
15.812	4.317E-3	0.339
15.846	2.159E-2	0.340
15.879	3.740E-2	0.339
15.913	5.290E-2	0.339
15.946	6.485E-2	0.338
15.979	7.559E-2	0.337
16.013	8.835E-2	0.333
16.046	9.342E-2	0.332
16.079	9.237E-2	0.333
16.113	9.175E-2	0.333
16.146	8.815E-2	0.333
16.179	7.960E-2	0.335
16.213	6.903E-2	0.338
16.246	5.594E-2	0.341
16.280	4.167E-2	0.343
16.313	3.172E-2	0.340
16.346	1.499E-2	0.340
16.380	-3.218E-3	0.339
16.413	-2.188E-2	0.339
16.446	-4.056E-2	0.337
16.480	-5.513E-2	0.334
16.513	-6.845E-2	0.332
16.546	-7.985E-2	0.329
16.580	-8.802E-2	0.327
16.613	-9.349E-2	0.325
16.646	-9.585E-2	0.323
16.680	-9.614E-2	0.323
16.713	-9.338E-2	0.324
16.747	-8.812E-2	0.325
16.780	-7.972E-2	0.327
16.813	-6.886E-2	0.330
16.847	-5.648E-2	0.333
16.880	-4.185E-2	0.336
16.913	-2.489E-2	0.338
16.947	-8.202E-3	0.339
16.980	6.887E-3	0.340
17.013	2.345E-2	0.340
17.047	3.952E-2	0.339
17.080	5.582E-2	0.337
17.114	6.380E-2	0.339
17.147	7.430E-2	0.338
17.180	8.216E-2	0.336
17.214	8.718E-2	0.334
17.247	8.879E-2	0.333
17.280	8.734E-2	0.333
17.314	8.266E-2	0.335
17.347	7.474E-2	0.336
17.380	6.461E-2	0.339
17.414	5.176E-2	0.341
17.447	3.723E-2	0.343
17.480	2.678E-2	0.341
17.514	8.139E-3	0.342
17.547	-1.011E-2	0.341
17.581	-2.423E-2	0.338
17.614	-4.141E-2	0.336
17.647	-5.631E-2	0.334
17.681	-6.922E-2	0.332
17.714	-7.868E-2	0.329
17.747	-8.644E-2	0.327
17.781	-9.165E-2	0.325
17.814	-9.375E-2	0.324
17.847	-9.329E-2	0.324
17.881	-8.986E-2	0.325
17.914	-8.371E-2	0.326
17.948	-7.574E-2	0.329
17.981	-6.556E-2	0.332
18.014	-5.270E-2	0.334
18.048	-3.770E-2	0.337
18.081	-2.182E-2	0.338
18.114	6.749E-4	0.336
18.148	1.109E-2	0.340
18.181	2.446E-2	0.341
18.214	4.153E-2	0.339
18.248	5.674E-2	0.337
18.281	6.298E-2	0.340
18.314	7.302E-2	0.338
18.348	8.061E-2	0.336
18.381	8.417E-2	0.335
18.415	8.510E-2	0.335
18.448	8.278E-2	0.335
18.481	7.704E-2	0.336
18.515	6.865E-2	0.338
18.548	5.750E-2	0.341
18.581	5.555E-2	0.337
18.615	3.986E-2	0.339
18.648	2.338E-2	0.340
18.681	5.279E-3	0.340
18.715	-1.168E-2	0.340
18.748	-2.960E-2	0.338
18.781	-4.483E-2	0.336
18.815	-5.910E-2	0.334
18.848	-7.073E-2	0.332
18.882	-8.029E-2	0.329
18.915	-8.670E-2	0.327
18.948	-9.054E-2	0.326
18.982	-9.182E-2	0.325
19.015	-9.065E-2	0.325
19.048	-8.690E-2	0.326
19.082	-8.049E-2	0.327
19.115	-7.156E-2	0.330
19.148	-6.051E-2	0.332
19.182	-4.699E-2	0.334
19.215	-3.241E-2	0.336
19.249	-1.607E-2	0.337
19.282	-1.016E-3	0.339
19.315	1.434E-2	0.339
19.349	2.937E-2	0.339
19.382	4.380E-2	0.339
19.415	5.707E-2	0.338
19.449	6.189E-2	0.340
19.482	7.007E-2	0.339
19.515	7.574E-2	0.338
19.549	7.889E-2	0.337
19.582	7.868E-2	0.337
19.615	7.567E-2	0.338
19.649	7.018E-2	0.339
19.682	6.198E-2	0.341
19.716	5.215E-2	0.342
19.749	3.986E-2	0.343
19.782	3.447E-2	0.340
19.816	1.103E-2	0.344
19.849	8.208E-3	0.337
19.882	-4.545E-3	0.339
19.916	-2.010E-2	0.338
19.949	-3.413E-2	0.336
19.982	-4.697E-2	0.334
20.016	-5.792E-2	0.332
20.049	-7.794E-2	0.333
20.083	-8.373E-2	0.332
20.116	-8.746E-2	0.330
20.149	-8.845E-2	0.330
20.183	-8.659E-2	0.330
20.216	-8.211E-2	0.331
20.249	-7.501E-2	0.333
20.283	-6.574E-2	0.335
20.316	-4.685E-2	0.335
20.349	-3.417E-2	0.337
20.383	-1.998E-2	0.339
20.416	-4.215E-3	0.339
20.449	1.075E-2	0.340
20.483	2.611E-2	0.340
20.516	4.064E-2	0.339
20.550	5.461E-2	0.338
20.583	6.775E-2	0.336
20.616	7.517E-2	0.339
20.650	8.332E-2	0.338
20.683	9.628E-2	0.331
20.716	9.916E-2	0.329
20.750	9.871E-2	0.329
20.783	9.548E-2	0.329
20.816	8.985E-2	0.330
20.850	7.164E-2	0.340
20.883	6.129E-2	0.341
20.917	4.723E-2	0.344
20.950	3.600E-2	0.341
20.983	2.149E-2	0.341
21.017	4.040E-3	0.342
21.050	-1.150E-2	0.341
21.083	-2.594E-2	0.339
21.117	-3.825E-2	0.336
21.150	-6.009E-2	0.338
21.183	-6.981E-2	0.335
21.217	-7.734E-2	0.333
21.250	-8.237E-2	0.332
21.283	-8.531E-2	0.331
21.317	-8.534E-2	0.331
21.350	-8.291E-2	0.331
21.384	-7.763E-2	0.332
21.417	-7.062E-2	0.334
21.450	-6.084E-2	0.336
21.484	-4.978E-2	0.339
21.517	-2.901E-2	0.338
21.550	-1.447E-2	0.339
21.584	1.927E-6	0.340
21.617	1.470E-2	0.340
21.650	2.962E-2	0.340
21.684	4.386E-2	0.339
21.717	5.684E-2	0.337
21.751	6.574E-2	0.341
21.784	7.539E-2	0.340
21.817	6.925E-2	0.346
21.851	7.380E-2	0.345
21.884	7.522E-2	0.344
21.917	7.391E-2	0.344
21.951	6.969E-2	0.345
21.984	6.305E-2	0.346
22.017	5.350E-2	0.348
22.051	5.545E-2	0.343
22.084	4.188E-2	0.345
22.117	3.060E-2	0.342
22.151	1.567E-2	0.342
22.184	-1.281E-4	0.341
22.218	-1.391E-2	0.340
22.251	-2.812E-2	0.339
22.284	-5.054E-2	0.340
22.318	-6.801E-2	0.340
22.351	-6.979E-2	0.335
22.384	-7.644E-2	0.333
22.418	-8.062E-2	0.332
22.451	-8.223E-2	0.331
22.484	-8.166E-2	0.331
22.518	-7.854E-2	0.332
22.551	-7.293E-2	0.333
22.584	-6.534E-2	0.335
22.618	-5.534E-2	0.337
22.651	-4.438E-2	0.339
22.685	-3.148E-2	0.341
22.718	-9.348E-3	0.339
22.751	4.477E-3	0.340
22.785	1.889E-2	0.340
22.818	3.316E-2	0.340
22.851	4.652E-2	0.339
22.885	5.851E-2	0.338
22.918	6.729E-2	0.340
22.951	6.306E-2	0.347
22.985	6.885E-2	0.346
23.018	7.173E-2	0.345
23.052	7.241E-2	0.345
23.085	7.013E-2	0.345
23.118	6.514E-2	0.346
23.152	5.758E-2	0.348
23.185	4.833E-2	0.349
23.218	5.100E-2	0.343
23.252	3.720E-2	0.345
23.285	2.484E-2	0.343
23.318	1.085E-2	0.342
23.352	-4.448E-3	0.342
23.385	-2.968E-2	0.345
23.418	-4.174E-2	0.342
23.452	-5.069E-2	0.339
23.485	-6.081E-2	0.337
23.519	-6.844E-2	0.335
23.552	-7.453E-2	0.333
23.585	-7.806E-2	0.332
23.619	-7.941E-2	0.332
23.652	-7.799E-2	0.331
23.685	-7.412E-2	0.332
23.719	-6.828E-2	0.334
23.752	-5.988E-2	0.335
23.785	-5.013E-2	0.337
23.819	-3.887E-2	0.339
23.852	-2.547E-2	0.341
23.886	-1.294E-2	0.342
23.919	1.288E-3	0.343
23.952	1.587E-2	0.343
23.986	3.519E-2	0.340
24.019	3.924E-2	0.344
24.052	5.097E-2	0.343
24.086	6.108E-2	0.342
24.119	6.859E-2	0.341
24.152	6.628E-2	0.346
24.186	6.874E-2	0.346
24.219	6.871E-2	0.345
24.252	6.565E-2	0.346
24.286	5.996E-2	0.347
24.319	5.222E-2	0.348
24.353	4.262E-2	0.350
24.386	3.024E-2	0.352
24.419	1.649E-2	0.353
24.453	3.313E-3	0.352
24.486	-1.162E-2	0.351
24.519	-2.539E-2	0.349
24.553	-3.792E-2	0.346
24.586	-5.001E-2	0.344
24.619	-5.195E-2	0.338
24.653	-6.086E-2	0.336
24.686	-6.792E-2	0.334
24.720	-8.064E-2	0.336
24.753	-8.305E-2	0.335
24.786	-8.302E-2	0.334
24.820	-8.098E-2	0.335
24.853	-6.994E-2	0.333
24.886	-6.313E-2	0.334
24.920	-5.501E-2	0.335
24.953	-4.522E-2	0.338
24.986	-3.415E-2	0.340
25.020	-2.145E-2	0.341
25.053	-1.255E-2	0.345
25.086	4.971E-4	0.346
25.120	1.436E-2	0.346
25.153	2.639E-2	0.346
25.187	3.776E-2	0.346
25.220	4.518E-2	0.348
25.253	5.340E-2	0.348
25.287	6.080E-2	0.347
25.320	6.503E-2	0.346
25.353	6.623E-2	0.346
25.387	6.494E-2	0.346
25.420	6.104E-2	0.347
25.453	5.487E-2	0.348
25.487	4.633E-2	0.349
25.520	3.621E-2	0.351
25.554	3.814E-2	0.345
25.587	2.829E-2	0.341
25.620	1.346E-2	0.343
25.654	2.186E-4	0.342
25.687	-1.280E-2	0.341
25.720	-2.453E-2	0.339
25.754	-4.479E-2	0.340
25.787	-5.542E-2	0.338
25.820	-6.280E-2	0.336
25.854	-6.885E-2	0.334
25.887	-7.289E-2	0.333
25.920	-7.457E-2	0.333
25.954	-7.435E-2	0.332
25.987	-7.170E-2	0.333
26.021	-6.667E-2	0.334
26.054	-5.981E-2	0.335
26.087	-5.121E-2	0.337
26.121	-4.160E-2	0.339
26.154	-3.031E-2	0.340
26.187	-1.189E-2	0.340
26.221	8.001E-4	0.340
26.254	1.463E-2	0.341
26.287	2.784E-2	0.340
26.321	3.938E-2	0.340
26.354	5.049E-2	0.339
26.387	6.059E-2	0.338
26.421	5.405E-2	0.347
26.454	5.857E-2	0.347
26.488	6.170E-2	0.347
26.521	6.249E-2	0.346
26.554	6.074E-2	0.347
26.588	5.671E-2	0.347
26.621	5.036E-2	0.348
26.654	4.210E-2	0.350
26.688	4.463E-2	0.345
26.721	3.366E-2	0.345
26.754	2.029E-2	0.346
26.788	9.081E-3	0.343
26.821	-3.686E-3	0.342
26.855	-1.631E-2	0.341
26.888	-2.717E-2	0.339
26.921	-3.738E-2	0.337
26.955	-5.549E-2	0.338
26.988	-6.298E-2	0.336
27.021	-6.822E-2	0.335
27.055	-7.140E-2	0.333
27.088	-7.850E-2	0.335
27.121	-7.136E-2	0.333
27.155	-6.808E-2	0.333
27.188	-6.881E-2	0.338
27.221	-5.570E-2	0.336
27.255	-5.363E-2	0.341
27.288	-2.614E-2	0.331
27.322	-1.571E-2	0.332
27.355	-6.028E-3	0.333
27.388	7.897E-3	0.333
27.422	2.028E-2	0.333
27.455	3.213E-2	0.332
27.488	4.364E-2	0.331
27.522	5.393E-2	0.329
27.555	6.242E-2	0.327
27.588	8.514E-2	0.312
27.622	8.910E-2	0.311
27.655	7.045E-2	0.332
27.689	7.386E-2	0.331
27.722	7.171E-2	0.331
27.755	6.710E-2	0.332
27.789	6.056E-2	0.333
27.822	5.125E-2	0.335
27.855	4.227E-2	0.335
27.889	3.186E-2	0.335
27.922	2.034E-2	0.335
27.955	-3.526E-3	0.338
27.989	-1.143E-2	0.335
28.022	-2.622E-2	0.335
28.055	-3.741E-2	0.334
28.089	-4.849E-2	0.333
28.122	-5.587E-2	0.331
28.156	-6.343E-2	0.330
28.189	-6.752E-2	0.329
28.222	-6.973E-2	0.327
28.256	-7.066E-2	0.327
28.289	-6.872E-2	0.327
28.322	-6.537E-2	0.328
28.356	-5.983E-2	0.329
28.389	-5.234E-2	0.331
28.422	-4.352E-2	0.332
28.456	-3.369E-2	0.334
28.489	-2.230E-2	0.335
28.523	-1.051E-2	0.336
28.556	1.143E-3	0.337
28.589	1.320E-2	0.337
28.623	2.543E-2	0.336
28.656	3.662E-2	0.335
28.689	4.758E-2	0.334
28.723	4.760E-2	0.339
28.756	5.317E-2	0.338
28.789	5.680E-2	0.337
28.823	6.323E-2	0.335
28.856	6.247E-2	0.335
28.889	5.942E-2	0.336
28.923	5.444E-2	0.336
28.956	4.753E-2	0.337
28.990	3.716E-2	0.339
29.023	2.684E-2	0.340
29.056	2.144E-2	0.336
29.090	7.025E-3	0.337
29.123	-6.413E-3	0.337
29.156	-1.762E-2	0.336
29.190	-2.871E-2	0.335
29.223	-4.144E-2	0.335
29.256	-4.953E-2	0.333
29.290	-5.739E-2	0.332
29.323	-6.300E-2	0.330
29.357	-6.693E-2	0.329
29.390	-6.840E-2	0.328
29.423	-6.853E-2	0.328
29.457	-6.599E-2	0.328
29.490	-6.229E-2	0.329
29.523	-5.586E-2	0.330
29.557	-4.827E-2	0.332
29.590	-3.936E-2	0.333
29.623	-2.950E-2	0.335
29.657	-1.908E-2	0.336
29.690	-7.984E-3	0.337
29.723	4.041E-3	0.338
29.757	1.608E-2	0.337
29.790	2.727E-2	0.336
29.824	3.843E-2	0.335
29.857	4.744E-2	0.334
29.890	4.764E-2	0.339
29.924	5.181E-2	0.338
29.957	5.469E-2	0.337
29.990	5.517E-2	0.337
30.024	5.409E-2	0.337
30.057	5.062E-2	0.338
30.090	4.505E-2	0.339
30.124	3.783E-2	0.340
30.157	2.931E-2	0.341
30.191	1.991E-2	0.340
30.224	1.555E-2	0.336
30.257	2.744E-3	0.337
30.291	-8.676E-3	0.336
30.324	-2.120E-2	0.336
30.357	-3.354E-2	0.336
30.391	-4.363E-2	0.335
30.424	-5.180E-2	0.333
30.457	-5.756E-2	0.331
30.491	-6.298E-2	0.330
30.524	-6.593E-2	0.329
30.557	-6.673E-2	0.328
30.591	-6.572E-2	0.328
30.624	-6.303E-2	0.329
30.658	-5.870E-2	0.330
30.691	-5.282E-2	0.331
30.724	-4.444E-2	0.332
30.758	-3.545E-2	0.334
30.791	-2.605E-2	0.335
30.824	-1.552E-2	0.337
30.858	-4.001E-3	0.337
30.891	6.857E-3	0.338
30.924	1.874E-2	0.337
30.958	2.918E-2	0.336
30.991	3.862E-2	0.336
31.024	4.844E-2	0.334
31.058	5.456E-2	0.334
31.091	5.862E-2	0.334
31.125	5.067E-2	0.340
31.158	5.065E-2	0.340
31.191	4.865E-2	0.340
31.225	4.449E-2	0.341
31.258	4.738E-2	0.337
31.291	3.914E-2	0.338
31.325	3.273E-2	0.336
31.358	2.299E-2	0.336
31.391	8.231E-3	0.338
31.425	-4.082E-3	0.338
31.458	-1.510E-2	0.337
31.492	-2.578E-2	0.336
31.525	-3.572E-2	0.335
31.558	-4.522E-2	0.334
31.592	-5.333E-2	0.333
31.625	-5.855E-2	0.331
31.658	-6.262E-2	0.330
31.692	-6.474E-2	0.329
31.725	-6.469E-2	0.328
31.758	-6.335E-2	0.329
31.792	-5.989E-2	0.329
31.825	-5.525E-2	0.330
31.858	-4.840E-2	0.331
31.892	-4.136E-2	0.333
31.925	-3.177E-2	0.334
31.959	-2.147E-2	0.335
31.992	-1.067E-2	0.336
32.025	-5.817E-4	0.337
32.059	8.976E-3	0.338
32.092	1.929E-2	0.338
32.125	2.969E-2	0.337
32.159	3.448E-2	0.339
32.192	4.136E-2	0.339
32.225	4.514E-2	0.339
32.259	4.837E-2	0.339
32.292	4.987E-2	0.338
32.326	4.917E-2	0.338
32.359	4.643E-2	0.339
32.392	4.189E-2	0.339
32.426	3.565E-2	0.340
32.459	2.772E-2	0.341
32.492	1.824E-2	0.342
32.526	1.662E-2	0.337
32.559	5.355E-3	0.337
32.592	-7.921E-3	0.338
32.626	-1.974E-2	0.338
32.659	-2.979E-2	0.337
32.692	-3.889E-2	0.335
32.726	-4.633E-2	0.334
32.759	-5.310E-2	0.332
32.793	-5.837E-2	0.331
32.826	-6.175E-2	0.330
32.859	-6.304E-2	0.329
32.893	-6.306E-2	0.329
32.926	-6.054E-2	0.329
32.959	-5.644E-2	0.330
32.993	-5.085E-2	0.331
33.026	-4.483E-2	0.332
33.059	-3.646E-2	0.333
33.093	-2.764E-2	0.335
33.126	-1.822E-2	0.336
33.160	-8.331E-3	0.337
33.193	1.689E-3	0.338
33.226	1.175E-2	0.338
33.260	2.251E-2	0.337
33.293	3.303E-2	0.336
33.326	3.432E-2	0.340
33.360	4.002E-2	0.340
33.393	4.421E-2	0.339
33.426	4.680E-2	0.339
33.460	4.754E-2	0.339
33.493	5.177E-2	0.337
33.526	4.840E-2	0.337
33.560	4.340E-2	0.338
33.593	3.639E-2	0.339
33.627	2.818E-2	0.339
33.660	2.312E-2	0.336
33.693	1.204E-2	0.337
33.727	-1.110E-3	0.338
33.760	-1.238E-2	0.338
33.793	-2.184E-2	0.337
33.827	-3.221E-2	0.336
33.860	-4.003E-2	0.335
33.893	-4.784E-2	0.334
33.927	-5.312E-2	0.332
33.960	-5.755E-2	0.331
33.994	-5.987E-2	0.330
34.027	-6.062E-2	0.330
34.060	-5.973E-2	0.330
34.094	-5.681E-2	0.330
34.127	-5.285E-2	0.331
34.160	-4.719E-2	0.332
34.194	-3.998E-2	0.333
34.227	-3.217E-2	0.334
34.260	-2.363E-2	0.336
34.294	-1.396E-2	0.337
34.327	-3.858E-3	0.337
34.360	6.196E-3	0.337
34.394	1.598E-2	0.337
34.427	2.510E-2	0.337
34.461	3.652E-2	0.335
34.494	4.239E-2	0.335
34.527	4.044E-2	0.339
34.561	4.355E-2	0.339
34.594	4.557E-2	0.339
34.627	4.529E-2	0.339
34.661	4.343E-2	0.339
34.694	3.981E-2	0.339
34.727	3.468E-2	0.340
34.761	2.784E-2	0.341
34.794	1.953E-2	0.341
34.827	1.774E-2	0.337
34.861	6.359E-3	0.337
34.894	-3.503E-3	0.337
34.928	-1.317E-2	0.336
34.961	-2.407E-2	0.336
34.994	-3.269E-2	0.335
35.028	-4.055E-2	0.334
35.061	-4.742E-2	0.333
35.094	-5.278E-2	0.332
35.128	-5.598E-2	0.331
35.161	-5.741E-2	0.330
35.194	-5.809E-2	0.330
35.228	-5.649E-2	0.330
35.261	-5.318E-2	0.331
35.295	-4.841E-2	0.331
35.328	-4.270E-2	0.332
35.361	-3.555E-2	0.333
35.395	-2.774E-2	0.335
35.428	-1.875E-2	0.336
35.461	-9.373E-3	0.337
35.495	6.420E-4	0.337
35.528	1.002E-2	0.338
35.561	1.906E-2	0.337
35.595	2.706E-2	0.337
35.628	3.931E-2	0.334
35.661	4.516E-2	0.333
35.695	4.959E-2	0.333
35.728	4.284E-2	0.339
35.762	4.370E-2	0.339
35.795	4.286E-2	0.339
35.828	4.024E-2	0.339
35.862	3.602E-2	0.340
35.895	3.053E-2	0.340
35.928	2.372E-2	0.341
35.962	1.802E-2	0.339
35.995	9.682E-3	0.339
36.028	2.386E-3	0.337
36.062	-7.325E-3	0.337
36.095	-1.449E-2	0.335
36.129	-2.703E-2	0.336
36.162	-3.517E-2	0.335
36.195	-4.222E-2	0.334
36.229	-4.821E-2	0.333
36.262	-5.233E-2	0.332
36.295	-5.503E-2	0.331
36.329	-5.604E-2	0.331
36.362	-5.527E-2	0.330
36.395	-5.308E-2	0.330
36.429	-5.027E-2	0.331
36.462	-4.529E-2	0.332
36.495	-3.923E-2	0.333
36.529	-3.183E-2	0.334
36.562	-2.376E-2	0.335
36.596	-1.472E-2	0.336
36.629	-6.287E-3	0.337
36.662	3.764E-3	0.337
36.696	1.283E-2	0.337
36.729	2.062E-2	0.337
36.762	3.002E-2	0.336
36.796	3.790E-2	0.335
36.829	4.367E-2	0.334
36.862	3.850E-2	0.340
36.896	4.051E-2	0.340
36.929	4.050E-2	0.339
36.963	3.912E-2	0.339
36.996	3.602E-2	0.340
37.029	3.121E-2	0.340
37.063	2.501E-2	0.341
37.096	1.793E-2	0.341
37.129	1.849E-2	0.336
37.163	6.094E-3	0.337
37.196	-3.581E-3	0.338
37.229	-1.359E-2	0.338
37.263	-2.256E-2	0.337
37.296	-3.058E-2	0.336
37.329	-3.796E-2	0.335
37.363	-4.444E-2	0.334
37.396	-4.939E-2	0.333
37.430	-5.284E-2	0.332
37.463	-5.449E-2	0.331
37.496	-5.476E-2	0.331
37.530	-5.375E-2	0.331
37.563	-5.164E-2	0.331
37.596	-4.728E-2	0.332
37.630	-4.224E-2	0.333
37.663	-3.575E-2	0.334
37.696	-2.828E-2	0.335
37.730	-2.028E-2	0.336
37.763	-1.196E-2	0.337
37.797	-2.644E-3	0.337
37.830	5.304E-3	0.338
37.863	1.361E-2	0.338
37.897	2.110E-2	0.338
37.930	3.204E-2	0.336
37.963	3.784E-2	0.335
37.997	4.258E-2	0.335
38.030	3.658E-2	0.340
38.063	3.791E-2	0.340
38.097	3.751E-2	0.340
38.130	3.552E-2	0.340
38.163	3.229E-2	0.341
38.197	2.740E-2	0.341
38.230	2.188E-2	0.341
38.264	2.182E-2	0.336
38.297	1.268E-2	0.337
38.330	2.162E-3	0.337
38.364	-7.341E-3	0.337
38.397	-1.676E-2	0.337
38.430	-2.549E-2	0.337
38.464	-3.341E-2	0.336
38.497	-3.916E-2	0.335
38.530	-4.532E-2	0.334
38.564	-4.960E-2	0.333
38.597	-5.206E-2	0.332
38.630	-5.241E-2	0.331
38.664	-5.258E-2	0.331
38.697	-5.107E-2	0.331
38.731	-4.755E-2	0.331
38.764	-4.364E-2	0.332
38.797	-3.839E-2	0.333
38.831	-3.219E-2	0.334
38.864	-2.467E-2	0.335
38.897	-1.688E-2	0.336
38.931	-8.498E-3	0.337
38.964	5.021E-4	0.337
38.997	7.848E-3	0.338
39.031	1.570E-2	0.338
39.064	2.391E-2	0.337
39.098	3.236E-2	0.336
39.131	3.952E-2	0.335
39.164	3.398E-2	0.340
39.198	3.590E-2	0.340
39.231	3.624E-2	0.340
39.264	3.522E-2	0.340
39.298	3.257E-2	0.341
39.331	2.849E-2	0.341
39.364	2.857E-2	0.338
39.398	2.209E-2	0.339
39.431	1.441E-2	0.338
39.464	5.533E-3	0.338
39.498	-3.151E-3	0.338
39.531	-1.151E-2	0.338
39.565	-1.882E-2	0.337
39.598	-2.683E-2	0.337
39.631	-3.410E-2	0.336
39.665	-4.057E-2	0.335
39.698	-4.533E-2	0.334
39.731	-4.864E-2	0.333
39.765	-5.061E-2	0.332
39.798	-5.164E-2	0.332
39.831	-5.026E-2	0.332
39.865	-4.783E-2	0.332
39.898	-4.451E-2	0.332
39.932	-3.950E-2	0.333
39.965	-3.397E-2	0.334
39.998	-2.745E-2	0.335
40.032	-2.024E-2	0.336
40.065	-1.251E-2	0.337
40.098	-4.353E-3	0.337
40.132	3.696E-3	0.338
40.165	1.152E-2	0.338
40.198	1.877E-2	0.338
40.232	2.618E-2	0.337
40.265	3.503E-2	0.335
40.298	3.979E-2	0.335
40.332	4.270E-2	0.334
40.365	3.520E-2	0.340
40.399	3.498E-2	0.340
40.432	3.343E-2	0.340
40.465	2.996E-2	0.340
40.499	2.576E-2	0.341
40.532	1.985E-2	0.341
40.565	2.251E-2	0.336
40.599	1.438E-2	0.336
40.632	4.504E-3	0.337
40.665	-4.020E-3	0.337
40.699	-1.292E-2	0.337
40.732	-2.131E-2	0.337
40.766	-2.885E-2	0.336
40.799	-3.485E-2	0.335
40.832	-3.988E-2	0.334
40.866	-4.365E-2	0.333
40.899	-4.612E-2	0.332
40.932	-4.833E-2	0.332
40.966	-4.810E-2	0.332
40.999	-4.681E-2	0.332
41.032	-4.462E-2	0.332
41.066	-4.007E-2	0.332
41.099	-3.564E-2	0.333
41.132	-2.989E-2	0.334
41.166	-2.332E-2	0.335
41.199	-1.567E-2	0.336
41.233	-8.307E-3	0.337
41.266	-3.661E-4	0.337
41.299	7.752E-3	0.337
41.333	1.478E-2	0.337
41.366	2.112E-2	0.337
41.399	2.967E-2	0.336
41.433	2.722E-2	0.341
41.466	3.027E-2	0.341
41.499	3.238E-2	0.341
41.533	3.303E-2	0.340
41.566	3.225E-2	0.340
41.600	2.995E-2	0.340
41.633	2.627E-2	0.341
41.666	2.105E-2	0.341
41.700	1.562E-2	0.341
41.733	1.827E-2	0.336
41.766	1.029E-2	0.336
41.800	-1.522E-3	0.338
41.833	-9.646E-3	0.338
41.866	-1.716E-2	0.337
41.900	-2.391E-2	0.336
41.933	-3.131E-2	0.336
41.966	-3.675E-2	0.335
42.000	-4.087E-2	0.334
42.033	-4.410E-2	0.333
42.067	-4.710E-2	0.333
42.100	-4.717E-2	0.332
42.133	-4.700E-2	0.332
42.167	-4.523E-2	0.332
42.200	-4.147E-2	0.332
42.233	-3.808E-2	0.333
42.267	-3.185E-2	0.333
42.300	-2.622E-2	0.334
42.333	-1.983E-2	0.335
42.367	-1.275E-2	0.336
42.400	-5.670E-3	0.337
42.434	2.536E-3	0.337
42.467	9.751E-3	0.337
42.500	1.761E-2	0.336
42.534	2.402E-2	0.336
42.567	3.063E-2	0.336
42.600	3.514E-2	0.335
42.634	3.878E-2	0.335
42.667	4.036E-2	0.334
42.700	3.123E-2	0.340
42.734	2.974E-2	0.340
42.767	2.721E-2	0.340
42.800	2.311E-2	0.340
42.834	1.788E-2	0.341
42.867	2.071E-2	0.336
42.901	1.363E-2	0.336
42.934	4.808E-3	0.336
42.967	-4.099E-3	0.337
43.001	-1.293E-2	0.337
43.034	-2.112E-2	0.337
43.067	-2.715E-2	0.336
43.101	-3.435E-2	0.336
43.134	-3.897E-2	0.335
43.167	-4.266E-2	0.334
43.201	-4.491E-2	0.333
43.234	-4.581E-2	0.332
43.267	-4.650E-2	0.332
43.301	-4.560E-2	0.332
43.334	-4.285E-2	0.332
43.368	-3.902E-2	0.332
43.401	-3.500E-2	0.333
43.434	-3.004E-2	0.334
43.468	-2.399E-2	0.335
43.501	-1.673E-2	0.336
43.534	-9.700E-3	0.336
43.568	-2.272E-3	0.337
43.601	4.521E-3	0.337
43.634	1.134E-2	0.337
43.668	1.753E-2	0.337
43.701	2.301E-2	0.337
43.735	3.072E-2	0.336
43.768	3.510E-2	0.335
43.801	3.746E-2	0.335
43.835	3.818E-2	0.335
43.868	3.753E-2	0.335
43.901	3.560E-2	0.335
43.935	3.247E-2	0.335
43.968	2.754E-2	0.336
44.001	2.210E-2	0.336
44.035	1.527E-2	0.336
44.068	5.080E-3	0.338
44.101	-1.097E-4	0.337
44.135	-9.321E-3	0.338
44.168	-1.699E-2	0.338
44.202	-2.304E-2	0.337
44.235	-2.959E-2	0.336
44.268	-3.493E-2	0.336
44.302	-3.895E-2	0.335
44.335	-4.196E-2	0.334
44.368	-4.462E-2	0.333
44.402	-4.513E-2	0.333
44.435	-4.508E-2	0.333
44.468	-4.333E-2	0.333
44.502	-4.023E-2	0.333
44.535	-3.648E-2	0.333
44.569	-3.231E-2	0.334
44.602	-2.637E-2	0.335
44.635	-2.044E-2	0.336
44.669	-1.405E-2	0.337
44.702	-7.170E-3	0.337
44.735	-3.248E-4	0.338
44.769	6.512E-3	0.338
44.802	1.287E-2	0.338
44.835	1.815E-2	0.338
44.869	2.466E-2	0.337
44.902	3.097E-2	0.336
44.935	3.409E-2	0.335
44.969	3.543E-2	0.335
45.002	3.543E-2	0.335
45.036	3.427E-2	0.335
45.069	3.201E-2	0.335
45.102	2.805E-2	0.336
45.136	2.353E-2	0.336
45.169	1.748E-2	0.336
45.202	1.036E-2	0.337
45.236	2.298E-3	0.337
45.269	-5.610E-3	0.338
45.302	-1.217E-2	0.337
45.336	-1.914E-2	0.337
45.369	-2.566E-2	0.337
45.403	-3.131E-2	0.336
45.436	-3.551E-2	0.335
45.469	-3.862E-2	0.334
45.503	-4.206E-2	0.334
45.536	-4.258E-2	0.333
45.569	-4.324E-2	0.333
45.603	-4.241E-2	0.333
45.636	-4.048E-2	0.333
45.669	-3.688E-2	0.333
45.703	-3.281E-2	0.334
45.736	-2.779E-2	0.334
45.769	-2.264E-2	0.335
45.803	-1.658E-2	0.336
45.836	-9.429E-3	0.336
45.870	-3.493E-3	0.337
45.903	3.834E-3	0.337
45.936	9.973E-3	0.337
45.970	1.563E-2	0.337
46.003	2.110E-2	0.337
46.036	2.506E-2	0.337
46.070	2.858E-2	0.336
46.103	3.319E-2	0.335
46.136	3.411E-2	0.335
46.170	3.380E-2	0.335
46.203	3.208E-2	0.335
46.237	2.951E-2	0.335
46.270	2.537E-2	0.336
46.303	2.083E-2	0.336
46.337	1.565E-2	0.336
46.370	6.439E-3	0.337
46.403	-1.310E-3	0.337
46.437	-8.421E-3	0.337
46.470	-1.516E-2	0.337
46.503	-2.129E-2	0.337
46.537	-2.662E-2	0.336
46.570	-3.084E-2	0.335
46.603	-3.557E-2	0.335
46.637	-3.815E-2	0.334
46.670	-3.951E-2	0.333
46.704	-4.104E-2	0.333
46.737	-4.100E-2	0.333
46.770	-3.955E-2	0.333
46.804	-3.690E-2	0.333
46.837	-3.320E-2	0.333
46.870	-2.939E-2	0.334
46.904	-2.397E-2	0.335
46.937	-1.826E-2	0.335
46.970	-1.242E-2	0.336
47.004	-5.677E-3	0.336
47.037	-1.838E-4	0.337
47.070	5.685E-3	0.338
47.104	1.157E-2	0.338
47.137	1.702E-2	0.337
47.171	2.113E-2	0.337
47.204	2.709E-2	0.336
47.237	3.128E-2	0.336
47.271	3.292E-2	0.335
47.304	3.325E-2	0.335
47.337	3.222E-2	0.335
47.371	3.005E-2	0.335
47.404	2.694E-2	0.335
47.437	2.241E-2	0.336
47.471	1.749E-2	0.336
47.504	1.125E-2	0.336
47.538	2.474E-3	0.337
47.571	-5.097E-3	0.338
47.604	-1.161E-2	0.338
47.638	-1.739E-2	0.337
47.671	-2.299E-2	0.337
47.704	-2.824E-2	0.336
47.738	-3.235E-2	0.336
47.771	-3.621E-2	0.335
47.804	-3.792E-2	0.334
47.838	-3.908E-2	0.334
47.871	-3.913E-2	0.333
47.904	-3.845E-2	0.333
47.938	-3.655E-2	0.333
47.971	-3.358E-2	0.333
48.005	-2.991E-2	0.334
48.038	-2.558E-2	0.334
48.071	-2.089E-2	0.335
48.105	-1.518E-2	0.336
48.138	-9.244E-3	0.336
48.171	-3.741E-3	0.337
48.205	2.572E-3	0.337
48.238	8.340E-3	0.337
48.271	1.343E-2	0.337
48.305	1.783E-2	0.337
48.338	2.173E-2	0.337
48.372	2.617E-2	0.336
48.405	2.793E-2	0.336
48.438	3.211E-2	0.335
48.472	3.150E-2	0.335
48.505	3.004E-2	0.335
48.538	2.752E-2	0.335
48.572	2.365E-2	0.335
48.605	1.937E-2	0.335
48.638	9.895E-3	0.337
48.672	3.493E-3	0.338
48.705	-2.447E-3	0.338
48.738	-8.650E-3	0.338
48.772	-1.506E-2	0.338
48.805	-2.033E-2	0.337
48.839	-2.625E-2	0.337
48.872	-3.032E-2	0.336
48.905	-3.402E-2	0.336
48.939	-3.683E-2	0.335
48.972	-3.808E-2	0.334
49.005	-3.948E-2	0.334
49.039	-3.950E-2	0.334
49.072	-3.770E-2	0.334
49.105	-3.533E-2	0.334
49.139	-3.238E-2	0.334
49.172	-2.844E-2	0.335
49.206	-2.382E-2	0.335
49.239	-1.860E-2	0.336
49.272	-1.288E-2	0.336
49.306	-7.315E-3	0.337
49.339	-1.592E-3	0.337
49.372	3.905E-3	0.338
49.406	9.186E-3	0.338
49.439	1.399E-2	0.338
49.472	1.783E-2	0.338
49.506	2.191E-2	0.337
49.539	2.403E-2	0.337
49.572	2.955E-2	0.336
49.606	2.960E-2	0.336
49.639	2.863E-2	0.336
49.673	2.657E-2	0.336
49.706	2.364E-2	0.336
49.739	1.954E-2	0.336
49.773	1.477E-2	0.336
49.806	9.716E-3	0.336
49.839	1.983E-4	0.338
49.873	-6.076E-3	0.338
49.906	-1.222E-2	0.338
49.939	-1.750E-2	0.338
49.973	-2.280E-2	0.337
50.006	-2.674E-2	0.336
50.040	-3.157E-2	0.336
50.073	-3.399E-2	0.335
50.106	-3.702E-2	0.335
50.140	-3.746E-2	0.334
50.173	-3.833E-2	0.334
50.206	-3.702E-2	0.334
50.240	-3.531E-2	0.334
50.273	-3.265E-2	0.334
50.306	-2.956E-2	0.334
50.340	-2.546E-2	0.335
50.373	-2.067E-2	0.335
50.406	-1.531E-2	0.336
50.440	-1.031E-2	0.337
50.473	-4.121E-3	0.337
50.507	1.251E-3	0.337
50.540	6.172E-3	0.338
50.573	1.104E-2	0.338
50.607	1.521E-2	0.338
50.640	1.923E-2	0.337
50.673	2.198E-2	0.337
50.707	2.373E-2	0.337
50.740	2.816E-2	0.336
50.773	2.772E-2	0.336
50.807	2.618E-2	0.336
50.840	2.384E-2	0.336
50.873	2.084E-2	0.336
50.907	1.633E-2	0.336
50.940	1.133E-2	0.336
50.974	5.845E-3	0.336
51.007	-3.364E-3	0.338
51.040	-8.790E-3	0.338
51.074	-1.447E-2	0.338
51.107	-1.938E-2	0.337
51.140	-2.374E-2	0.337
51.174	-2.794E-2	0.336
51.207	-3.138E-2	0.336
51.240	-3.415E-2	0.335
51.274	-3.568E-2	0.335
51.307	-3.614E-2	0.334
51.341	-3.637E-2	0.334
51.374	-3.548E-2	0.334
51.407	-3.322E-2	0.334
51.441	-2.986E-2	0.334
51.474	-2.573E-2	0.334
51.507	-2.165E-2	0.335
51.541	-1.695E-2	0.335
51.574	-1.189E-2	0.336
51.607	-6.968E-3	0.337
51.641	-1.732E-3	0.337
51.674	3.252E-3	0.338
51.707	8.088E-3	0.338
51.741	1.249E-2	0.338
51.774	1.651E-2	0.337
51.808	1.959E-2	0.337
51.841	2.148E-2	0.337
51.874	2.353E-2	0.336
51.908	2.537E-2	0.336
51.941	2.516E-2	0.336
51.974	2.365E-2	0.336
52.008	2.112E-2	0.335
52.041	1.770E-2	0.335
52.074	1.299E-2	0.336
52.108	5.308E-3	0.337
52.141	-6.999E-4	0.337
52.175	-6.220E-3	0.337
52.208	-1.139E-2	0.337
52.241	-1.669E-2	0.337
52.275	-2.174E-2	0.337
52.308	-2.579E-2	0.337
52.341	-2.932E-2	0.336
52.375	-3.204E-2	0.336
52.408	-3.400E-2	0.335
52.441	-3.498E-2	0.335
52.475	-3.485E-2	0.334
52.508	-3.436E-2	0.334
52.541	-3.281E-2	0.334
52.575	-3.032E-2	0.334
52.608	-2.672E-2	0.334
52.642	-2.306E-2	0.335
52.675	-1.885E-2	0.335
52.708	-1.464E-2	0.336
52.742	-8.971E-3	0.336
52.775	-3.770E-3	0.337
52.808	9.808E-4	0.337
52.842	6.134E-3	0.337
52.875	9.957E-3	0.338
52.908	1.359E-2	0.338
52.942	1.716E-2	0.337
52.975	1.999E-2	0.337
53.009	2.141E-2	0.337
53.042	2.219E-2	0.336
53.075	2.165E-2	0.336
53.109	2.028E-2	0.336
53.142	1.808E-2	0.336
53.175	1.498E-2	0.336
53.209	1.101E-2	0.337
53.242	6.609E-3	0.337
53.275	1.514E-3	0.337
53.309	-3.599E-3	0.337
53.342	-8.666E-3	0.337
53.375	-1.369E-2	0.337
53.409	-1.825E-2	0.337
53.442	-2.293E-2	0.337
53.476	-2.670E-2	0.336
53.509	-3.042E-2	0.336
53.542	-3.221E-2	0.335
53.576	-3.441E-2	0.335
53.609	-3.404E-2	0.334
53.642	-3.404E-2	0.334
53.676	-3.284E-2	0.334
53.709	-3.076E-2	0.334
53.742	-2.784E-2	0.334
53.776	-2.396E-2	0.334
53.809	-2.051E-2	0.335
53.843	-1.557E-2	0.335
53.876	-1.141E-2	0.336
53.909	-6.515E-3	0.337
53.943	-1.310E-3	0.337
53.976	3.218E-3	0.337
54.009	7.767E-3	0.337
54.043	1.186E-2	0.337
54.076	1.502E-2	0.337
54.109	1.833E-2	0.337
54.143	2.014E-2	0.337
54.176	2.102E-2	0.337
54.209	2.103E-2	0.336
54.243	2.005E-2	0.336
54.276	1.805E-2	0.336
54.310	1.536E-2	0.336
54.343	1.198E-2	0.336
54.376	7.772E-3	0.337
54.410	3.476E-3	0.337
54.443	-1.172E-3	0.337
54.476	-6.182E-3	0.337
54.510	-1.170E-2	0.337
54.543	-1.697E-2	0.337
54.576	-2.174E-2	0.337
54.610	-2.538E-2	0.337
54.643	-2.845E-2	0.336
54.677	-3.134E-2	0.336
54.710	-3.246E-2	0.335
54.743	-3.391E-2	0.335
54.777	-3.358E-2	0.335
54.810	-3.239E-2	0.334
54.843	-3.097E-2	0.334
54.877	-2.841E-2	0.334
54.910	-2.519E-2	0.334
54.943	-2.231E-2	0.335
54.977	-1.779E-2	0.335
55.010	-1.392E-2	0.336
55.043	-8.845E-3	0.336
55.077	-4.800E-3	0.337
55.110	1.692E-4	0.337
55.144	4.788E-3	0.337
55.177	8.810E-3	0.337
55.210	1.237E-2	0.337
55.244	1.513E-2	0.337
55.277	1.706E-2	0.337
55.310	1.808E-2	0.337
55.344	1.882E-2	0.337
55.377	1.876E-2	0.336
55.410	1.735E-2	0.336
55.444	1.518E-2	0.336
55.477	1.231E-2	0.336
55.510	8.779E-3	0.336
55.544	4.752E-3	0.337
55.577	-3.120E-4	0.337
55.611	-4.820E-3	0.337
55.644	-1.032E-2	0.338
55.677	-1.441E-2	0.338
55.711	-1.921E-2	0.337
55.744	-2.280E-2	0.337
55.777	-2.613E-2	0.336
55.811	-2.919E-2	0.336
55.844	-3.043E-2	0.335
55.877	-3.222E-2	0.335
55.911	-3.229E-2	0.335
55.944	-3.148E-2	0.334
55.978	-3.037E-2	0.334
56.011	-2.841E-2	0.334
56.044	-2.554E-2	0.334
56.078	-2.240E-2	0.335
56.111	-1.833E-2	0.335
56.144	-1.427E-2	0.335
56.178	-9.939E-3	0.336
56.211	-5.691E-3	0.336
56.244	-1.150E-3	0.337
56.278	3.469E-3	0.337
56.311	7.313E-3	0.337
56.344	1.081E-2	0.337
56.378	1.359E-2	0.337
56.411	1.586E-2	0.337
56.445	1.733E-2	0.337
56.478	1.834E-2	0.337
56.511	1.823E-2	0.337
56.545	1.740E-2	0.337
56.578	1.556E-2	0.337
56.611	1.295E-2	0.337
56.645	9.806E-3	0.337
56.678	6.156E-3	0.337
56.711	1.774E-3	0.337
56.745	-2.829E-3	0.337
56.778	-7.449E-3	0.337
56.812	-1.214E-2	0.337
56.845	-1.665E-2	0.337
56.878	-2.074E-2	0.337
56.912	-2.402E-2	0.337
56.945	-2.674E-2	0.336
56.978	-2.882E-2	0.336
57.012	-3.018E-2	0.335
57.045	-3.125E-2	0.335
57.078	-3.140E-2	0.335
57.112	-3.007E-2	0.335
57.145	-2.842E-2	0.335
57.178	-2.596E-2	0.335
57.212	-2.275E-2	0.335
57.245	-1.964E-2	0.335
57.279	-1.546E-2	0.336
57.312	-1.137E-2	0.336
57.345	-7.224E-3	0.336
57.379	-2.401E-3	0.336
57.412	1.633E-3	0.337
57.445	5.757E-3	0.337
57.479	8.956E-3	0.337
57.512	1.194E-2	0.337
57.545	1.416E-2	0.337
57.579	1.597E-2	0.337
57.612	1.748E-2	0.337
57.646	1.765E-2	0.337
57.679	1.690E-2	0.337
57.712	1.581E-2	0.336
57.746	1.369E-2	0.336
57.779	1.082E-2	0.336
57.812	7.356E-3	0.336
57.846	2.955E-3	0.337
57.879	-1.184E-3	0.337
57.912	-5.583E-3	0.337
57.946	-9.874E-3	0.337
57.979	-1.412E-2	0.337
58.012	-1.836E-2	0.337
58.046	-2.154E-2	0.336
58.079	-2.475E-2	0.336
58.113	-2.692E-2	0.336
58.146	-2.844E-2	0.335
58.179	-2.986E-2	0.335
58.213	-3.035E-2	0.335
58.246	-2.926E-2	0.335
58.279	-2.760E-2	0.334
58.313	-2.567E-2	0.334
58.346	-2.289E-2	0.334
58.379	-1.946E-2	0.334
58.413	-1.670E-2	0.335
58.446	-1.246E-2	0.335
58.480	-8.416E-3	0.336
58.513	-4.277E-3	0.336
58.546	-4.023E-4	0.337
58.580	3.480E-3	0.337
58.613	7.363E-3	0.337
58.646	1.039E-2	0.337
58.680	1.301E-2	0.337
58.713	1.489E-2	0.337
58.746	1.594E-2	0.337
58.780	1.678E-2	0.337
58.813	1.630E-2	0.337
58.846	1.516E-2	0.337
58.880	1.345E-2	0.337
58.913	1.100E-2	0.337
58.947	7.800E-3	0.337
58.980	4.085E-3	0.337
59.013	1.643E-4	0.337
59.047	-4.261E-3	0.337
59.080	-8.460E-3	0.337
59.113	-1.265E-2	0.337
59.147	-1.670E-2	0.337
59.180	-1.986E-2	0.337
59.213	-2.306E-2	0.337
59.247	-2.549E-2	0.336
59.280	-2.762E-2	0.336
59.313	-2.858E-2	0.336
59.347	-2.893E-2	0.335
59.380	-2.904E-2	0.335
59.414	-2.822E-2	0.335
59.447	-2.676E-2	0.335
59.480	-2.450E-2	0.335
59.514	-2.153E-2	0.335
59.547	-1.800E-2	0.335
59.580	-1.455E-2	0.336
59.614	-1.085E-2	0.336
59.647	-6.995E-3	0.337
59.680	-3.205E-3	0.337
59.714	1.049E-3	0.337
59.747	4.886E-3	0.337
59.781	8.181E-3	0.337
59.814	1.104E-2	0.338
59.847	1.298E-2	0.338
59.881	1.440E-2	0.337
59.914	1.520E-2	0.337
59.947	1.516E-2	0.337
59.981	1.433E-2	0.337
60.014	1.276E-2	0.337
60.047	1.062E-2	0.337
60.081	7.832E-3	0.337
60.114	4.495E-3	0.337
60.147	1.051E-3	0.337
60.181	-2.964E-3	0.337
60.214	-6.969E-3	0.337
60.248	-1.099E-2	0.337
60.281	-1.503E-2	0.337
60.314	-1.886E-2	0.337
60.348	-2.212E-2	0.337
60.381	-2.442E-2	0.337
60.414	-2.629E-2	0.336
60.448	-2.816E-2	0.336
60.481	-2.926E-2	0.336
60.514	-2.899E-2	0.336
60.548	-2.806E-2	0.335
60.581	-2.681E-2	0.335
60.615	-2.492E-2	0.335
60.648	-2.233E-2	0.335
60.681	-1.919E-2	0.335
60.715	-1.602E-2	0.336
60.748	-1.208E-2	0.336
60.781	-8.515E-3	0.336
60.815	-4.621E-3	0.337
60.848	-5.455E-4	0.337
60.881	2.571E-3	0.337
60.915	5.917E-3	0.338
60.948	8.813E-3	0.337
60.981	1.150E-2	0.337
61.015	1.300E-2	0.337
61.048	1.394E-2	0.337
61.082	1.437E-2	0.337
61.115	1.405E-2	0.337
61.148	1.276E-2	0.337
61.182	1.090E-2	0.337
61.215	8.394E-3	0.337
61.248	5.336E-3	0.337
61.282	1.975E-3	0.337
61.315	-1.596E-3	0.337
61.348	-5.391E-3	0.337
61.382	-9.240E-3	0.337
61.415	-1.312E-2	0.337
61.449	-1.690E-2	0.337
61.482	-2.029E-2	0.337
61.515	-2.335E-2	0.337
61.549	-2.535E-2	0.337
61.582	-2.689E-2	0.336
61.615	-2.812E-2	0.336
61.649	-2.802E-2	0.336
61.682	-2.778E-2	0.336
61.715	-2.637E-2	0.335
61.749	-2.476E-2	0.335
61.782	-2.258E-2	0.335
61.815	-1.968E-2	0.335
61.849	-1.641E-2	0.335
61.882	-1.300E-2	0.336
61.916	-9.586E-3	0.336
61.949	-5.576E-3	0.336
61.982	-2.138E-3	0.337
62.016	1.212E-3	0.337
62.049	4.649E-3	0.337
62.082	7.651E-3	0.337
62.116	1.007E-2	0.337
62.149	1.192E-2	0.337
62.182	1.302E-2	0.337
62.216	1.337E-2	0.337
62.249	1.316E-2	0.337
62.283	1.240E-2	0.337
62.316	1.086E-2	0.337
62.349	8.678E-3	0.337
62.383	6.097E-3	0.337
62.416	2.989E-3	0.337
62.449	-3.703E-4	0.337
62.483	-4.120E-3	0.337
62.516	-7.974E-3	0.337
62.549	-1.190E-2	0.337
62.583	-1.546E-2	0.337
62.616	-1.868E-2	0.337
62.649	-2.157E-2	0.337
62.683	-2.364E-2	0.337
62.716	-2.514E-2	0.336
62.750	-2.647E-2	0.336
62.783	-2.728E-2	0.336
62.816	-2.674E-2	0.336
62.850	-2.568E-2	0.335
62.883	-2.444E-2	0.335
62.916	-2.241E-2	0.335
62.950	-1.985E-2	0.335
62.983	-1.681E-2	0.335
63.016	-1.369E-2	0.336
63.050	-1.053E-2	0.336
63.083	-6.742E-3	0.336
63.116	-3.278E-3	0.337
63.150	-1.467E-4	0.337
63.183	3.264E-3	0.337
63.217	6.220E-3	0.337
63.250	8.774E-3	0.337
63.283	1.069E-2	0.337
63.317	1.195E-2	0.337
63.350	1.260E-2	0.337
63.383	1.275E-2	0.337
63.417	1.196E-2	0.337
63.450	1.071E-2	0.337
63.483	8.863E-3	0.337
63.517	6.469E-3	0.337
63.550	3.621E-3	0.337
63.584	3.313E-4	0.337
63.617	-3.142E-3	0.337
63.650	-6.622E-3	0.337
63.684	-1.012E-2	0.337
63.717	-1.357E-2	0.337
63.750	-1.667E-2	0.337
63.784	-1.962E-2	0.337
63.817	-2.232E-2	0.337
63.850	-2.384E-2	0.337
63.884	-2.481E-2	0.336
63.917	-2.581E-2	0.336
63.950	-2.622E-2	0.336
63.984	-2.586E-2	0.336
64.017	-2.484E-2	0.336
64.051	-2.264E-2	0.336
64.084	-2.050E-2	0.336
64.117	-1.767E-2	0.336
64.151	-1.455E-2	0.336
64.184	-1.173E-2	0.336
64.217	-8.456E-3	0.337
64.251	-4.752E-3	0.337
64.284	-1.249E-3	0.337
64.317	1.687E-3	0.337
64.351	4.625E-3	0.337
64.384	6.823E-3	0.338
64.418	8.848E-3	0.338
64.451	1.046E-2	0.338
64.484	1.119E-2	0.338
64.518	1.147E-2	0.338
64.551	1.110E-2	0.338
64.584	1.048E-2	0.338
64.618	8.774E-3	0.337
64.651	6.620E-3	0.337
64.684	3.947E-3	0.337
64.718	9.621E-4	0.337
64.751	-2.141E-3	0.337
64.784	-5.585E-3	0.337
64.818	-8.986E-3	0.337
64.851	-1.246E-2	0.337
64.885	-1.563E-2	0.337
64.918	-1.858E-2	0.337
64.951	-2.115E-2	0.337
64.985	-2.290E-2	0.337
65.018	-2.443E-2	0.337
65.051	-2.513E-2	0.337
65.085	-2.564E-2	0.336
65.118	-2.571E-2	0.336
65.151	-2.450E-2	0.336
65.185	-2.266E-2	0.335
65.218	-2.074E-2	0.335
65.252	-1.833E-2	0.335
65.285	-1.535E-2	0.335
65.318	-1.251E-2	0.336
65.352	-9.620E-3	0.336
65.385	-6.001E-3	0.336
65.418	-2.900E-3	0.337
65.452	-5.246E-5	0.337
65.485	3.161E-3	0.337
65.518	5.920E-3	0.338
65.552	8.027E-3	0.337
65.585	9.830E-3	0.337
65.618	1.092E-2	0.337
65.652	1.146E-2	0.337
65.685	1.121E-2	0.337
65.719	1.038E-2	0.337
65.752	8.950E-3	0.337
65.785	7.120E-3	0.337
65.819	4.753E-3	0.337
65.852	2.026E-3	0.337
65.885	-9.390E-4	0.337
65.919	-4.253E-3	0.337
65.952	-7.773E-3	0.337
65.985	-1.124E-2	0.337
66.019	-1.451E-2	0.337
66.052	-1.747E-2	0.337
66.086	-2.015E-2	0.337
66.119	-2.191E-2	0.337
66.152	-2.377E-2	0.337
66.186	-2.516E-2	0.337
66.219	-2.530E-2	0.336
66.252	-2.537E-2	0.336
66.286	-2.425E-2	0.336
66.319	-2.328E-2	0.336
66.352	-2.154E-2	0.336
66.386	-1.936E-2	0.336
66.419	-1.674E-2	0.336
66.452	-1.369E-2	0.336
66.486	-1.046E-2	0.336
66.519	-7.544E-3	0.336
66.553	-4.487E-3	0.337
66.586	-1.201E-3	0.337
66.619	1.853E-3	0.337
66.653	4.690E-3	0.337
66.686	6.557E-3	0.337
66.719	8.454E-3	0.337
66.753	9.527E-3	0.337
66.786	1.024E-2	0.337
66.819	1.035E-2	0.337
66.853	9.745E-3	0.337
66.886	8.686E-3	0.337
66.920	6.869E-3	0.337
66.953	4.616E-3	0.337
66.986	1.971E-3	0.337
67.020	-8.331E-4	0.337
67.053	-3.850E-3	0.337
67.086	-7.274E-3	0.337
67.120	-1.059E-2	0.337
67.153	-1.386E-2	0.337
67.186	-1.676E-2	0.337
67.220	-1.947E-2	0.337
67.253	-2.166E-2	0.337
67.286	-2.360E-2	0.337
67.320	-2.464E-2	0.337
67.353	-2.495E-2	0.336
67.387	-2.521E-2	0.336
67.420	-2.498E-2	0.336
67.453	-2.396E-2	0.336
67.487	-2.182E-2	0.336
67.520	-1.989E-2	0.336
67.553	-1.750E-2	0.336
67.587	-1.457E-2	0.336
67.620	-1.176E-2	0.336
67.653	-8.420E-3	0.336
67.687	-5.194E-3	0.336
67.720	-2.237E-3	0.337
67.753	7.737E-4	0.337
67.787	3.098E-3	0.337
67.820	5.411E-3	0.337
67.854	7.208E-3	0.337
67.887	8.702E-3	0.337
67.920	9.296E-3	0.338
67.954	9.488E-3	0.338
67.987	9.115E-3	0.338
68.020	8.277E-3	0.338
68.054	6.784E-3	0.338
68.087	4.984E-3	0.337
68.120	2.614E-3	0.337
68.154	-2.572E-4	0.337
68.187	-3.147E-3	0.337
68.221	-6.108E-3	0.337
68.254	-9.438E-3	0.337
68.287	-1.286E-2	0.337
68.321	-1.580E-2	0.337
68.354	-1.822E-2	0.337
68.387	-2.054E-2	0.337
68.421	-2.245E-2	0.337
68.454	-2.351E-2	0.337
68.487	-2.422E-2	0.337
68.521	-2.447E-2	0.337
68.554	-2.385E-2	0.336
68.587	-2.302E-2	0.336
68.621	-2.176E-2	0.336
68.654	-1.952E-2	0.336
68.688	-1.723E-2	0.336
68.721	-1.449E-2	0.336
68.754	-1.157E-2	0.336
68.788	-9.053E-3	0.336
68.821	-6.278E-3	0.337
68.854	-3.083E-3	0.337
68.888	9.054E-6	0.337
68.921	2.331E-3	0.337
68.954	4.803E-3	0.337
68.988	6.478E-3	0.338
69.021	7.964E-3	0.338
69.055	8.916E-3	0.338
69.088	9.266E-3	0.338
69.121	9.125E-3	0.338
69.155	8.404E-3	0.338
69.188	7.086E-3	0.338
69.221	5.561E-3	0.337
69.255	3.402E-3	0.337
69.288	8.118E-4	0.337
69.321	-1.996E-3	0.337
69.355	-4.972E-3	0.337
69.388	-8.048E-3	0.337
69.421	-1.106E-2	0.337
69.455	-1.398E-2	0.337
69.488	-1.667E-2	0.337
69.522	-1.907E-2	0.337
69.555	-2.104E-2	0.337
69.588	-2.257E-2	0.337
69.622	-2.323E-2	0.337
69.655	-2.385E-2	0.337
69.688	-2.332E-2	0.336
69.722	-2.286E-2	0.336
69.755	-2.162E-2	0.336
69.788	-2.008E-2	0.336
69.822	-1.802E-2	0.336
69.855	-1.568E-2	0.336
69.889	-1.291E-2	0.336
69.922	-9.934E-3	0.336
69.955	-6.864E-3	0.336
69.989	-3.797E-3	0.336
70.022	-1.185E-3	0.337
70.055	1.101E-3	0.337
70.089	3.669E-3	0.337
70.122	5.810E-3	0.337
70.155	7.411E-3	0.337
70.189	8.476E-3	0.338
70.222	8.988E-3	0.337
70.255	8.864E-3	0.337
70.289	8.447E-3	0.337
70.322	7.250E-3	0.337
70.356	5.525E-3	0.337
70.389	3.477E-3	0.337
70.422	1.262E-3	0.337
70.456	-1.757E-3	0.337
70.489	-4.745E-3	0.337
70.522	-7.769E-3	0.337
70.556	-1.055E-2	0.337
70.589	-1.339E-2	0.337
70.622	-1.604E-2	0.337
70.656	-1.831E-2	0.337
70.689	-2.024E-2	0.337
70.723	-2.188E-2	0.337
70.756	-2.265E-2	0.337
70.789	-2.339E-2	0.337
70.823	-2.350E-2	0.337
70.856	-2.268E-2	0.336
70.889	-2.170E-2	0.336
70.923	-2.025E-2	0.336
70.956	-1.835E-2	0.336
70.989	-1.610E-2	0.336
71.023	-1.352E-2	0.336
71.056	-1.072E-2	0.336
71.089	-7.776E-3	0.336
71.123	-4.668E-3	0.336
71.156	-2.033E-3	0.337
71.190	8.333E-4	0.337
71.223	2.824E-3	0.337
71.256	5.029E-3	0.337
71.290	6.762E-3	0.337
71.323	8.019E-3	0.337
71.356	8.748E-3	0.337
71.390	8.979E-3	0.337
71.423	8.469E-3	0.337
71.456	7.378E-3	0.337
71.490	5.939E-3	0.337
71.523	3.980E-3	0.337
71.556	1.912E-3	0.337
71.590	-5.403E-4	0.337
71.623	-3.087E-3	0.337
71.657	-5.975E-3	0.337
71.690	-9.018E-3	0.337
71.723	-1.208E-2	0.337
71.757	-1.494E-2	0.337
71.790	-1.739E-2	0.337
71.823	-1.943E-2	0.337
71.857	-2.115E-2	0.337
71.890	-2.212E-2	0.337
71.923	-2.298E-2	0.337
71.957	-2.318E-2	0.337
71.990	-2.305E-2	0.337
72.024	-2.209E-2	0.336
72.057	-2.103E-2	0.336
72.090	-1.925E-2	0.336
72.124	-1.712E-2	0.336
72.157	-1.467E-2	0.336
72.190	-1.203E-2	0.336
72.224	-9.229E-3	0.336
72.257	-6.273E-3	0.336
72.290	-3.838E-3	0.337
72.324	-1.080E-3	0.337
72.357	1.143E-3	0.337
72.390	3.335E-3	0.337
72.424	5.254E-3	0.337
72.457	6.356E-3	0.338
72.491	7.157E-3	0.338
72.524	7.621E-3	0.338
72.557	7.530E-3	0.338
72.591	7.004E-3	0.338
72.624	5.994E-3	0.338
72.657	4.277E-3	0.338
72.691	2.175E-3	0.338
72.724	-1.723E-4	0.338
72.757	-2.995E-3	0.338
72.791	-5.865E-3	0.338
72.824	-8.760E-3	0.338
72.858	-1.150E-2	0.338
72.891	-1.430E-2	0.338
72.924	-1.669E-2	0.338
72.958	-1.880E-2	0.338
72.991	-2.022E-2	0.337
73.024	-2.162E-2	0.337
73.058	-2.244E-2	0.337
73.091	-2.290E-2	0.337
73.124	-2.242E-2	0.337
73.158	-2.172E-2	0.337
73.191	-2.062E-2	0.337
73.224	-1.873E-2	0.336
73.258	-1.697E-2	0.336
73.291	-1.479E-2	0.336
73.325	-1.219E-2	0.336
73.358	-9.524E-3	0.336
73.391	-6.778E-3	0.337
73.425	-4.066E-3	0.336
73.458	-1.758E-3	0.337
73.491	6.981E-4	0.337
73.525	2.502E-3	0.337
73.558	4.406E-3	0.337
73.591	5.884E-3	0.337
73.625	6.963E-3	0.338
73.658	7.477E-3	0.338
73.692	7.405E-3	0.337
73.725	6.954E-3	0.337
73.758	5.922E-3	0.337
73.792	4.588E-3	0.337
73.825	2.722E-3	0.337
73.858	5.086E-4	0.337
73.892	-1.858E-3	0.337
73.925	-4.593E-3	0.337
73.958	-7.244E-3	0.337
73.992	-9.955E-3	0.337
74.025	-1.278E-2	0.337
74.058	-1.521E-2	0.337
74.092	-1.735E-2	0.337
74.125	-1.905E-2	0.337
74.159	-2.012E-2	0.337
74.192	-2.111E-2	0.337
74.225	-2.169E-2	0.337
74.259	-2.176E-2	0.337
74.292	-2.143E-2	0.337
74.325	-2.020E-2	0.336
74.359	-1.894E-2	0.336
74.392	-1.713E-2	0.336
74.425	-1.513E-2	0.336
74.459	-1.276E-2	0.336
74.492	-1.032E-2	0.336
74.526	-7.579E-3	0.336
74.559	-4.906E-3	0.336
74.592	-2.310E-3	0.336
74.626	-1.130E-4	0.337
74.659	2.324E-3	0.337
74.692	4.325E-3	0.337
74.726	5.486E-3	0.337
74.759	6.667E-3	0.337
74.792	7.363E-3	0.337
74.826	7.471E-3	0.338
74.859	7.161E-3	0.337
74.892	6.375E-3	0.337
74.926	5.029E-3	0.337
74.959	3.368E-3	0.337
74.993	1.258E-3	0.337
75.026	-9.096E-4	0.337
75.059	-3.407E-3	0.337
75.093	-6.090E-3	0.337
75.126	-8.837E-3	0.337
75.159	-1.140E-2	0.337
75.193	-1.400E-2	0.337
75.226	-1.632E-2	0.337
75.259	-1.832E-2	0.337
75.293	-1.982E-2	0.337
75.326	-2.091E-2	0.337
75.359	-2.165E-2	0.337
75.393	-2.191E-2	0.337
75.426	-2.121E-2	0.337
75.460	-2.055E-2	0.337
75.493	-1.955E-2	0.337
75.526	-1.809E-2	0.337
75.560	-1.626E-2	0.337
75.593	-1.396E-2	0.337
75.626	-1.163E-2	0.337
75.660	-9.084E-3	0.337
75.693	-6.480E-3	0.337
75.726	-3.915E-3	0.337
75.760	-1.313E-3	0.337
75.793	5.480E-4	0.337
75.827	2.690E-3	0.337
75.860	4.201E-3	0.337
75.893	5.590E-3	0.337
75.927	6.701E-3	0.337
75.960	6.587E-3	0.338
75.993	6.818E-3	0.337
76.027	5.822E-3	0.338
76.060	4.786E-3	0.338
76.093	3.605E-3	0.337
76.127	1.783E-3	0.337
76.160	-3.678E-4	0.337
76.193	-2.840E-3	0.337
76.227	-5.375E-3	0.337
76.260	-8.044E-3	0.337
76.294	-1.051E-2	0.337
76.327	-1.298E-2	0.337
76.360	-1.524E-2	0.337
76.394	-1.728E-2	0.337
76.427	-1.903E-2	0.337
76.460	-2.045E-2	0.337
76.494	-2.077E-2	0.337
76.527	-2.113E-2	0.337
76.560	-2.117E-2	0.337
76.594	-2.079E-2	0.337
76.627	-1.977E-2	0.337
76.661	-1.837E-2	0.337
76.694	-1.616E-2	0.336
76.727	-1.421E-2	0.336
76.761	-1.190E-2	0.336
76.794	-9.399E-3	0.336
76.827	-6.772E-3	0.336
76.861	-4.287E-3	0.336
76.894	-1.789E-3	0.337
76.927	1.450E-4	0.337
76.961	2.204E-3	0.337
76.994	3.503E-3	0.337
77.027	4.968E-3	0.337
77.061	6.060E-3	0.337
77.094	6.560E-3	0.337
77.128	6.717E-3	0.337
77.161	6.242E-3	0.337
77.194	5.250E-3	0.337
77.228	3.927E-3	0.337
77.261	2.338E-3	0.337
77.294	1.668E-4	0.337
77.328	-2.233E-3	0.337
77.361	-4.873E-3	0.337
77.394	-7.520E-3	0.337
77.428	-1.009E-2	0.337
77.461	-1.262E-2	0.337
77.495	-1.492E-2	0.337
77.528	-1.707E-2	0.337
77.561	-1.881E-2	0.337
77.595	-2.017E-2	0.337
77.628	-2.109E-2	0.337
77.661	-2.168E-2	0.337
77.695	-2.171E-2	0.337
77.728	-2.083E-2	0.337
77.761	-1.996E-2	0.337
77.795	-1.878E-2	0.337
77.828	-1.702E-2	0.337
77.861	-1.533E-2	0.337
77.895	-1.301E-2	0.337
77.928	-1.072E-2	0.337
77.962	-8.344E-3	0.337
77.995	-5.834E-3	0.337
78.028	-3.305E-3	0.337
78.062	-9.663E-4	0.337
78.095	1.263E-3	0.337
78.128	2.711E-3	0.337
78.162	4.258E-3	0.337
78.195	5.009E-3	0.338
78.228	5.612E-3	0.338
78.262	5.829E-3	0.338
78.295	5.544E-3	0.338
78.329	4.822E-3	0.338
78.362	3.571E-3	0.338
78.395	1.895E-3	0.338
78.429	-1.839E-5	0.338
78.462	-1.937E-3	0.338
78.495	-4.362E-3	0.337
78.529	-6.910E-3	0.337
78.562	-9.452E-3	0.337
78.595	-1.197E-2	0.337
78.629	-1.423E-2	0.337
78.662	-1.620E-2	0.337
78.695	-1.805E-2	0.337
78.729	-1.952E-2	0.337
78.762	-2.058E-2	0.337
78.796	-2.121E-2	0.337
78.829	-2.140E-2	0.337
78.862	-2.119E-2	0.337
78.896	-2.002E-2	0.337
78.929	-1.886E-2	0.337
78.962	-1.736E-2	0.337
78.996	-1.516E-2	0.336
79.029	-1.295E-2	0.336
79.062	-1.085E-2	0.336
79.096	-8.413E-3	0.336
79.129	-6.418E-3	0.337
79.162	-3.916E-3	0.337
79.196	-1.574E-3	0.337
79.229	7.146E-4	0.337
79.762	1.783E-02	0.337
79.795	1.779E-02	0.337
79.828	1.775E-02	0.337
79.861	1.771E-02	0.337
79.894	1.767E-02	0.337
79.927	1.763E-02	0.337
79.960	1.759E-02	0.337
79.994	1.756E-02	0.337
80.027	1.752E-02	0.337
80.060	1.748E-02	0.337
80.093	1.744E-02	0.337
80.127	1.740E-02	0.337
80.160	1.736E-02	0.337
80.193	1.732E-02	0.337
80.226	1.728E-02	0.337
80.260	1.724E-02	0.337
80.293	1.720E-02	0.337
80.326	1.716E-02	0.337
80.359	1.712E-02	0.337
80.393	1.709E-02	0.337
80.426	1.705E-02	0.337
80.459	1.701E-02	0.337
80.492	1.697E-02	0.337
80.526	1.693E-02	0.337
80.559	1.689E-02	0.337
80.592	1.685E-02	0.337
80.625	1.681E-02	0.337
80.659	1.677E-02	0.337
80.692	1.674E-02	0.337
80.725	1.670E-02	0.337
80.758	1.666E-02	0.337
80.792	1.662E-02	0.337
80.825	1.658E-02	0.337
80.858	1.654E-02	0.337
80.891	1.650E-02	0.337
80.925	1.646E-02	0.337
80.958	1.643E-02	0.337
80.991	1.639E-02	0.337
81.024	1.635E-02	0.337
81.058	1.631E-02	0.337
81.091	1.627E-02	0.337
81.124	1.623E-02	0.337
81.157	1.620E-02	0.337
81.191	1.616E-02	0.337
81.224	1.612E-02	0.337
81.257	1.608E-02	0.337
81.290	1.604E-02	0.337
81.324	1.600E-02	0.337
81.357	1.596E-02	0.337
81.390	1.593E-02	0.337
81.423	1.589E-02	0.337
81.457	1.585E-02	0.337
81.490	1.581E-02	0.337
81.523	1.577E-02	0.337
81.556	1.574E-02	0.337
81.590	1.570E-02	0.337
81.623	1.566E-02	0.337
81.656	1.562E-02	0.337
81.689	1.558E-02	0.337
81.723	1.554E-02	0.337
81.756	1.551E-02	0.337
81.789	1.547E-02	0.337
81.822	1.543E-02	0.337
81.856	1.539E-02	0.337
81.889	1.535E-02	0.337
81.922	1.532E-02	0.337
81.955	1.528E-02	0.337
81.989	1.524E-02	0.337
82.022	1.520E-02	0.337
82.055	1.516E-02	0.337
82.088	1.513E-02	0.337
82.122	1.509E-02	0.337
82.155	1.505E-02	0.337
82.188	1.501E-02	0.337
82.221	1.497E-02	0.337
82.254	1.493E-02	0.337
82.288	1.490E-02	0.337
82.321	1.486E-02	0.337
82.354	1.482E-02	0.337
82.387	1.478E-02	0.337
82.421	1.474E-02	0.337
82.454	1.471E-02	0.337
82.487	1.467E-02	0.337
82.520	1.463E-02	0.337
82.554	1.460E-02	0.337
82.587	1.456E-02	0.337
82.620	1.452E-02	0.337
82.653	1.448E-02	0.337
82.687	1.444E-02	0.337
82.720	1.441E-02	0.337
82.753	1.437E-02	0.337
82.786	1.433E-02	0.337
82.820	1.429E-02	0.337
82.853	1.426E-02	0.337
82.886	1.422E-02	0.337
82.919	1.418E-02	0.337
82.953	1.414E-02	0.337
82.986	1.411E-02	0.337
83.019	1.407E-02	0.337
83.052	1.403E-02	0.337
83.086	1.400E-02	0.337
83.119	1.396E-02	0.337
83.152	1.392E-02	0.337
83.185	1.388E-02	0.337
83.219	1.384E-02	0.337
83.252	1.380E-02	0.337
83.285	1.377E-02	0.337
83.318	1.373E-02	0.337
83.352	1.369E-02	0.337
83.385	1.365E-02	0.337
83.418	1.361E-02	0.337
83.451	1.358E-02	0.337
83.485	1.354E-02	0.337
83.518	1.350E-02	0.337
83.551	1.347E-02	0.337
83.584	1.343E-02	0.337
83.618	1.339E-02	0.337
83.651	1.335E-02	0.337
83.684	1.331E-02	0.337
83.717	1.328E-02	0.337
83.751	1.324E-02	0.337
83.784	1.320E-02	0.337
83.817	1.316E-02	0.337
83.850	1.313E-02	0.337
83.884	1.309E-02	0.337
83.917	1.305E-02	0.337
83.950	1.302E-02	0.337
83.983	1.298E-02	0.337
84.017	1.294E-02	0.337
84.050	1.291E-02	0.337
84.083	1.287E-02	0.337
84.116	1.283E-02	0.337
84.150	1.280E-02	0.337
84.183	1.276E-02	0.337
84.216	1.272E-02	0.337
84.249	1.269E-02	0.337
84.283	1.265E-02	0.337
84.316	1.261E-02	0.337
84.349	1.258E-02	0.337
84.382	1.254E-02	0.337
84.416	1.250E-02	0.337
84.449	1.247E-02	0.337
84.482	1.243E-02	0.337
84.515	1.239E-02	0.337
84.549	1.236E-02	0.337
84.582	1.232E-02	0.337
84.615	1.228E-02	0.337
84.648	1.225E-02	0.337
84.682	1.221E-02	0.337
84.715	1.217E-02	0.337
84.748	1.214E-02	0.337
84.781	1.210E-02	0.337
84.815	1.206E-02	0.337
84.848	1.203E-02	0.337
84.881	1.199E-02	0.337
84.914	1.195E-02	0.337
84.948	1.192E-02	0.337
84.981	1.188E-02	0.337
85.014	1.184E-02	0.337
85.047	1.181E-02	0.337
85.081	1.177E-02	0.337
85.114	1.173E-02	0.337
85.147	1.170E-02	0.337
85.180	1.166E-02	0.337
85.214	1.162E-02	0.337
85.247	1.159E-02	0.337
85.280	1.155E-02	0.337
85.313	1.151E-02	0.337
85.347	1.148E-02	0.337
85.380	1.144E-02	0.337
85.413	1.140E-02	0.337
85.446	1.137E-02	0.337
85.480	1.133E-02	0.337
85.513	1.129E-02	0.337
85.546	1.126E-02	0.337
85.579	1.122E-02	0.337
85.613	1.118E-02	0.337
85.646	1.115E-02	0.337
85.679	1.111E-02	0.337
85.712	1.107E-02	0.337
85.746	1.104E-02	0.337
85.779	1.100E-02	0.337
85.812	1.096E-02	0.337
85.845	1.093E-02	0.337
85.879	1.089E-02	0.337
85.912	1.085E-02	0.337
85.945	1.082E-02	0.337
85.978	1.078E-02	0.337
86.012	1.074E-02	0.337
86.045	1.071E-02	0.337
86.078	1.067E-02	0.337
86.111	1.063E-02	0.337
86.145	1.060E-02	0.337
86.178	1.056E-02	0.337
86.211	1.052E-02	0.337
86.244	1.049E-02	0.337
86.278	1.045E-02	0.337
86.311	1.042E-02	0.337
86.344	1.038E-02	0.337
86.377	1.034E-02	0.337
86.411	1.031E-02	0.337
86.444	1.027E-02	0.337
86.477	1.023E-02	0.337
86.510	1.020E-02	0.337
86.544	1.016E-02	0.337
86.577	1.012E-02	0.337
86.610	1.009E-02	0.337
86.643	1.005E-02	0.337
86.677	1.001E-02	0.337
86.710	9.981E-03	0.337
86.743	9.945E-03	0.337
86.776	9.909E-03	0.337
86.810	9.873E-03	0.337
86.843	9.838E-03	0.337
86.876	9.802E-03	0.337
86.909	9.766E-03	0.337
86.943	9.731E-03	0.337
86.976	9.695E-03	0.337
87.009	9.659E-03	0.337
87.042	9.623E-03	0.337
87.076	9.588E-03	0.337
87.109	9.552E-03	0.337
87.142	9.516E-03	0.337
87.175	9.480E-03	0.337
87.209	9.445E-03	0.337
87.242	9.409E-03	0.337
87.275	9.373E-03	0.337
87.308	9.338E-03	0.337
87.342	9.302E-03	0.337
87.375	9.266E-03	0.337
87.408	9.230E-03	0.337
87.441	9.195E-03	0.337
87.475	9.159E-03	0.337
87.508	9.123E-03	0.337
87.541	9.088E-03	0.337
87.574	9.052E-03	0.337
87.608	9.016E-03	0.337
87.641	8.980E-03	0.337
87.674	8.945E-03	0.337
87.707	8.909E-03	0.337
87.741	8.873E-03	0.337
87.774	8.838E-03	0.337
87.807	8.802E-03	0.337
87.840	8.766E-03	0.337
87.874	8.731E-03	0.337
87.907	8.695E-03	0.337
87.940	8.659E-03	0.337
87.973	8.624E-03	0.337
88.007	8.588E-03	0.337
88.040	8.552E-03	0.337
88.073	8.517E-03	0.337
88.106	8.481E-03	0.337
88.140	8.445E-03	0.337
88.173	8.410E-03	0.337
88.206	8.374E-03	0.337
88.239	8.338E-03	0.337
88.273	8.303E-03	0.337
88.306	8.267E-03	0.337
88.339	8.231E-03	0.337
88.372	8.196E-03	0.337
88.406	8.160E-03	0.337
88.439	8.124E-03	0.337
88.472	8.089E-03	0.337
88.505	8.053E-03	0.337
88.539	8.017E-03	0.337
88.572	7.982E-03	0.337
88.605	7.946E-03	0.337
88.638	7.910E-03	0.337
88.672	7.875E-03	0.337
88.705	7.839E-03	0.337
88.738	7.803E-03	0.337
88.771	7.768E-03	0.337
88.805	7.732E-03	0.337
88.838	7.696E-03	0.337
88.871	7.661E-03	0.337
88.904	7.625E-03	0.337
88.938	7.590E-03	0.337
88.971	7.554E-03	0.337
89.004	7.518E-03	0.337
89.037	7.483E-03	0.337
89.071	7.447E-03	0.337
89.104	7.411E-03	0.337
89.137	7.376E-03	0.337
89.170	7.340E-03	0.337
89.204	7.304E-03	0.337
89.237	7.269E-03	0.337
89.270	7.233E-03	0.337
89.303	7.197E-03	0.337
89.337	7.162E-03	0.337
89.370	7.126E-03	0.337
89.403	7.090E-03	0.337
89.436	7.055E-03	0.337
89.470	7.019E-03	0.337
89.503	6.983E-03	0.337
89.536	6.948E-03	0.337
89.569	6.912E-03	0.337
89.603	6.876E-03	0.337
89.636	6.841E-03	0.337
89.669	6.805E-03	0.337
89.702	6.769E-03	0.337
89.736	6.734E-03	0.337
89.769	6.698E-03	0.337
89.802	6.662E-03	0.337
89.835	6.627E-03	0.337
89.869	6.591E-03	0.337
89.902	6.555E-03	0.337
89.935	6.520E-03	0.337
89.968	6.484E-03	0.337
90.002	6.448E-03	0.337
90.035	6.413E-03	0.337
90.068	6.377E-03	0.337
90.101	6.341E-03	0.337
90.135	6.306E-03	0.337
90.168	6.270E-03	0.337
90.201	6.234E-03	0.337
90.234	6.199E-03	0.337
90.268	6.163E-03	0.337
90.301	6.127E-03	0.337
90.334	6.092E-03	0.337
90.367	6.056E-03	0.337
90.401	6.020E-03	0.337
90.434	5.985E-03	0.337
90.467	5.949E-03	0.337
90.500	5.913E-03	0.337
90.534	5.878E-03	0.337
90.567	5.842E-03	0.337
90.600	5.806E-03	0.337
90.633	5.771E-03	0.337
90.667	5.735E-03	0.337
90.700	5.699E-03	0.337
90.733	5.664E-03	0.337
90.766	5.628E-03	0.337
90.800	5.592E-03	0.337
90.833	5.557E-03	0.337
90.866	5.521E-03	0.337
90.899	5.485E-03	0.337
90.933	5.450E-03	0.337
90.966	5.414E-03	0.337
90.999	5.378E-03	0.337
91.032	5.343E-03	0.337
91.066	5.307E-03	0.337
91.099	5.271E-03	0.337
91.132	5.236E-03	0.337
91.165	5.200E-03	0.337
91.199	5.164E-03	0.337
91.232	5.129E-03	0.337
91.265	5.093E-03	0.337
91.298	5.057E-03	0.337
91.332	5.022E-03	0.337
91.365	4.986E-03	0.337
91.398	4.950E-03	0.337
91.431	4.915E-03	0.337
91.465	4.879E-03	0.337
91.498	4.843E-03	0.337
91.531	4.808E-03	0.337
91.564	4.772E-03	0.337
91.598	4.736E-03	0.337
91.631	4.701E-03	0.337
91.664	4.665E-03	0.337
91.697	4.629E-03	0.337
91.731	4.594E-03	0.337
91.764	4.558E-03	0.337
91.797	4.522E-03	0.337
91.830	4.487E-03	0.337
91.864	4.451E-03	0.337
91.897	4.415E-03	0.337
91.930	4.380E-03	0.337
91.963	4.344E-03	0.337
91.997	4.308E-03	0.337
92.030	4.273E-03	0.337
92.063	4.237E-03	0.337
92.096	4.201E-03	0.337
92.130	4.166E-03	0.337
92.163	4.130E-03	0.337
92.196	4.094E-03	0.337
92.229	4.059E-03	0.337
92.263	4.023E-03	0.337
92.296	3.987E-03	0.337
92.329	3.952E-03	0.337
92.362	3.916E-03	0.337
92.396	3.880E-03	0.337
92.429	3.845E-03	0.337
92.462	3.809E-03	0.337
92.495	3.773E-03	0.337
92.529	3.738E-03	0.337
92.562	3.702E-03	0.337
92.595	3.666E-03	0.337
92.628	3.631E-03	0.337
92.662	3.595E-03	0.337
92.695	3.559E-03	0.337
92.728	3.524E-03	0.337
92.761	3.488E-03	0.337
92.795	3.452E-03	0.337
92.828	3.417E-03	0.337
92.861	3.381E-03	0.337
92.894	3.345E-03	0.337
92.928	3.310E-03	0.337
92.961	3.274E-03	0.337
92.994	3.238E-03	0.337
93.027	3.203E-03	0.337
93.061	3.167E-03	0.337
93.094	3.131E-03	0.337
93.127	3.096E-03	0.337
93.160	3.060E-03	0.337
93.194	3.024E-03	0.337
93.227	2.989E-03	0.337
93.260	2.953E-03	0.337
93.293	2.917E-03	0.337
93.327	2.882E-03	0.337
93.360	2.846E-03	0.337
93.393	2.810E-03	0.337
93.426	2.775E-03	0.337
93.460	2.739E-03	0.337
93.493	2.703E-03	0.337
93.526	2.668E-03	0.337
93.559	2.632E-03	0.337
93.593	2.596E-03	0.337
93.626	2.561E-03	0.337
93.659	2.525E-03	0.337
93.692	2.489E-03	0.337
93.726	2.454E-03	0.337
93.759	2.418E-03	0.337
93.792	2.382E-03	0.337
93.825	2.347E-03	0.337
93.859	2.311E-03	0.337
93.892	2.275E-03	0.337
93.925	2.240E-03	0.337
93.958	2.204E-03	0.337
93.992	2.168E-03	0.337
94.025	2.133E-03	0.337
94.058	2.097E-03	0.337
94.091	2.061E-03	0.337
94.125	2.026E-03	0.337
94.158	1.990E-03	0.337
94.191	1.954E-03	0.337
94.224	1.919E-03	0.337
94.258	1.883E-03	0.337
94.291	1.847E-03	0.337
94.324	1.812E-03	0.337
94.357	1.776E-03	0.337
94.391	1.740E-03	0.337
94.424	1.705E-03	0.337
94.457	1.669E-03	0.337
94.490	1.633E-03	0.337
94.524	1.598E-03	0.337
94.557	1.562E-03	0.337
94.590	1.526E-03	0.337
94.623	1.491E-03	0.337
94.657	1.455E-03	0.337
94.690	1.419E-03	0.337
94.723	1.384E-03	0.337
94.756	1.348E-03	0.337
94.790	1.312E-03	0.337
94.823	1.277E-03	0.337
94.856	1.241E-03	0.337
94.889	1.205E-03	0.337
94.923	1.170E-03	0.337
94.956	1.134E-03	0.337
94.989	1.098E-03	0.337
95.022	1.063E-03	0.337
95.056	1.027E-03	0.337
95.089	9.911E-04	0.337
95.122	9.551E-04	0.337
95.155	9.190E-04	0.337
95.189	8.830E-04	0.337
95.222	8.470E-04	0.337
95.255	8.109E-04	0.337
95.288	7.749E-04	0.337
95.322	7.389E-04	0.337
95.355	7.028E-04	0.337
95.388	6.668E-04	0.337
95.421	6.308E-04	0.337
95.455	5.947E-04	0.337
95.488	5.587E-04	0.337
95.521	5.227E-04	0.337
95.554	4.866E-04	0.337
95.588	4.506E-04	0.337
95.621	4.146E-04	0.337
95.654	3.785E-04	0.337
95.687	3.425E-04	0.337
95.721	3.065E-04	0.337
95.754	2.704E-04	0.337
95.787	2.344E-04	0.337
95.820	1.984E-04	0.337
95.854	1.623E-04	0.337
95.887	1.263E-04	0.337
95.920	9.030E-05	0.337
95.953	5.430E-05	0.337
95.987	1.830E-05	0.337

