# t theta_rad
0.000000 0.229270
0.033000 0.157011
0.067000 0.063710
0.100000 -0.030015
0.133000 -0.118108
0.167000 -0.202004
0.200000 -0.288659
0.234000 -0.354015
0.267000 -0.429775
0.300000 -0.463036
0.334000 -0.489291
0.367000 -0.504458
0.400000 -0.500655
0.434000 -0.485518
0.467000 -0.451890
0.500000 -0.404254
0.534000 -0.339837
0.567000 -0.265785
0.600000 -0.172690
0.634000 -0.091561
0.667000 -0.009713
0.701000 0.076374
0.734000 0.165150
0.767000 0.245079
0.801000 0.326363
0.834000 0.350464
0.867000 0.407883
0.901000 0.444493
0.934000 0.463036
0.967000 0.466765
1.001000 0.459314
1.034000 0.422454
1.068000 0.375424
1.101000 0.328440
1.134000 0.297398
1.168000 0.213996
1.201000 0.127915
1.234000 0.053726
1.268000 -0.037942
1.301000 -0.131983
1.334000 -0.215020
1.368000 -0.299176
1.401000 -0.371843
1.434000 -0.426112
1.468000 -0.459314
1.501000 -0.489291
1.535000 -0.496859
1.568000 -0.496859
1.601000 -0.474245
1.635000 -0.444493
1.668000 -0.393403
1.701000 -0.335280
1.735000 -0.256469
1.768000 -0.182986
1.801000 -0.097856
1.835000 -0.015124
1.868000 0.080453
1.902000 0.144502
1.935000 0.222327
1.968000 0.298793
2.002000 0.368268
2.035000 0.418802
2.068000 0.455599
2.102000 0.459314
2.135000 0.463036
2.168000 0.466765
2.202000 0.440804
2.235000 0.404254
2.268000 0.331928
2.302000 0.290641
2.335000 0.207724
2.369000 0.127714
2.402000 0.044148
2.435000 -0.036341
2.469000 -0.121902
2.502000 -0.198943
2.535000 -0.274328
2.569000 -0.338670
2.602000 -0.397014
2.635000 -0.459314
2.669000 -0.474245
2.702000 -0.489291
2.735000 -0.485518
2.769000 -0.463036
2.802000 -0.429775
2.836000 -0.379009
2.869000 -0.319017
2.902000 -0.250202
2.936000 -0.174146
2.969000 -0.093838
3.002000 -0.004560
3.036000 0.097086
3.069000 0.181800
3.102000 0.239448
3.136000 0.310323
3.169000 0.371843
3.203000 0.415157
3.236000 0.455599
3.269000 0.455599
3.303000 0.455599
3.336000 0.444493
3.369000 0.448188
3.403000 0.407883
3.436000 0.418802
3.469000 0.276233
3.503000 0.205680
3.536000 0.132958
3.569000 0.050622
3.603000 -0.018054
3.636000 -0.115087
3.670000 -0.194423
3.703000 -0.271178
3.736000 -0.331470
3.770000 -0.386195
3.803000 -0.433445
3.836000 -0.459314
3.870000 -0.463036
3.903000 -0.459314
3.936000 -0.437121
3.970000 -0.404254
4.003000 -0.354015
4.037000 -0.298618
4.070000 -0.227559
4.103000 -0.150096
4.137000 -0.058734
4.170000 0.017464
4.203000 0.089218
4.237000 0.163224
4.270000 0.231221
4.303000 0.310358
4.337000 0.371843
4.370000 0.426112
4.403000 0.415157
4.437000 0.455599
4.470000 0.459314
4.504000 0.448188
4.537000 0.422454
4.570000 0.379009
4.604000 0.331823
4.637000 0.264921
4.670000 0.202515
4.704000 0.123312
4.737000 0.068019
4.770000 -0.024302
4.804000 -0.101038
4.837000 -0.174044
4.871000 -0.266027
4.904000 -0.322248
4.937000 -0.371843
4.971000 -0.407883
5.004000 -0.429775
5.037000 -0.440804
5.071000 -0.437121
5.104000 -0.418802
5.137000 -0.386195
5.171000 -0.343375
5.204000 -0.288624
5.237000 -0.220072
5.271000 -0.147501
5.304000 -0.069356
5.338000 0.007627
5.371000 0.111867
5.404000 0.174146
5.438000 0.232900
5.471000 0.282024
5.504000 0.333163
5.538000 0.375424
5.571000 0.404254
5.604000 0.418802
5.638000 0.418802
5.671000 0.407883
5.705000 0.382600
5.738000 0.382600
5.771000 0.302213
5.805000 0.272078
5.838000 0.198263
5.871000 0.123111
5.905000 0.046850
5.938000 -0.028571
5.971000 -0.114685
6.005000 -0.204421
6.038000 -0.264403
6.071000 -0.320597
6.105000 -0.368268
6.138000 -0.407883
6.172000 -0.426112
6.205000 -0.437121
6.238000 -0.429775
6.272000 -0.411517
6.305000 -0.379009
6.338000 -0.334856
6.372000 -0.279353
6.405000 -0.217682
6.438000 -0.141707
6.472000 -0.063676
6.505000 0.014094
6.538000 0.097253
6.572000 0.149961
6.605000 0.219628
6.639000 0.276961
6.672000 0.318385
6.705000 0.371843
6.739000 0.400632
6.772000 0.415157
6.805000 0.415157
6.839000 0.404254
6.872000 0.371843
6.905000 0.330095
6.939000 0.270694
6.972000 0.226909
7.006000 0.173807
7.039000 0.098191
7.072000 0.030038
7.106000 -0.040678
7.139000 -0.126605
7.172000 -0.194524
7.206000 -0.253851
7.239000 -0.322530
7.272000 -0.379009
7.306000 -0.407883
7.339000 -0.444493
7.372000 -0.451890
7.406000 -0.444493
7.439000 -0.397014
7.473000 -0.364697
7.506000 -0.317332
7.539000 -0.261055
7.573000 -0.200678
7.606000 -0.135615
7.639000 -0.063910
7.673000 0.010857
7.706000 0.084768
7.739000 0.157956
7.773000 0.225541
7.806000 0.269587
7.840000 0.314317
7.873000 0.350464
7.906000 0.382600
7.940000 0.400632
7.973000 0.397014
8.006000 0.382600
8.040000 0.354015
8.073000 0.315158
8.106000 0.261607
8.140000 0.218740
8.173000 0.154177
8.206000 0.082560
8.240000 -0.004387
8.273000 -0.051189
8.307000 -0.141640
8.340000 -0.208167
8.373000 -0.264127
8.407000 -0.315088
8.440000 -0.354015
8.473000 -0.382600
8.507000 -0.397014
8.540000 -0.400632
8.573000 -0.397014
8.607000 -0.375424
8.640000 -0.343375
8.674000 -0.302771
8.707000 -0.251131
8.740000 -0.192147
8.774000 -0.125765
8.807000 -0.050221
8.840000 0.026060
8.874000 0.091963
8.907000 0.162008
8.940000 0.214201
8.974000 0.263920
9.007000 0.306265
9.040000 0.339837
9.074000 0.357571
9.107000 0.368268
9.141000 0.364697
9.174000 0.350464
9.207000 0.325342
9.241000 0.328440
9.274000 0.272978
9.307000 0.221473
9.341000 0.148242
9.374000 0.060804
9.407000 -0.007347
9.441000 -0.074636
9.474000 -0.147939
9.508000 -0.212291
9.541000 -0.263506
9.574000 -0.309064
9.608000 -0.346917
9.641000 -0.375424
9.674000 -0.415157
9.708000 -0.418802
9.741000 -0.382600
9.774000 -0.361132
9.808000 -0.329003
9.841000 -0.279526
9.874000 -0.229955
9.908000 -0.168293
9.941000 -0.103552
9.975000 -0.036742
10.008000 0.035407
10.041000 0.111296
10.075000 0.184580
10.108000 0.216112
10.141000 0.256572
10.175000 0.321967
10.208000 0.343375
10.241000 0.364697
10.275000 0.375424
10.308000 0.368268
10.341000 0.350464
10.375000 0.343375
10.408000 0.303505
10.442000 0.251166
10.475000 0.194219
10.508000 0.127445
10.542000 0.047918
10.575000 -0.020405
10.608000 -0.065480
10.642000 -0.133362
10.675000 -0.212700
10.708000 -0.264818
10.742000 -0.310569
10.775000 -0.338211
10.809000 -0.364697
10.842000 -0.375424
10.875000 -0.379009
10.909000 -0.368268
10.942000 -0.346917
10.975000 -0.311619
11.009000 -0.265198
11.042000 -0.222054
11.075000 -0.154447
11.109000 -0.086140
11.142000 -0.014787
11.175000 0.054126
11.209000 0.107373
11.242000 0.178039
11.276000 0.221097
11.309000 0.269241
11.342000 0.308574
11.376000 0.335633
11.409000 0.346917
11.442000 0.350464
11.476000 0.346917
11.509000 0.327665
11.542000 0.299804
11.576000 0.290537
11.609000 0.226669
11.643000 0.211268
11.676000 0.125328
11.709000 0.070759
11.743000 -0.015487
11.776000 -0.074770
11.809000 -0.140697
11.843000 -0.214440
11.876000 -0.267236
11.909000 -0.308014
11.943000 -0.337469
11.976000 -0.361132
12.009000 -0.368268
12.043000 -0.368268
12.076000 -0.357571
12.110000 -0.331717
12.143000 -0.297886
12.176000 -0.252267
12.210000 -0.202038
12.243000 -0.143492
12.276000 -0.082761
12.310000 -0.017091
12.343000 0.050288
12.376000 0.107071
12.410000 0.167820
12.443000 0.210348
12.477000 0.255160
12.510000 0.296945
12.543000 0.318315
12.577000 0.334256
12.610000 0.337681
12.643000 0.328898
12.677000 0.308049
12.710000 0.317403
12.743000 0.274397
12.777000 0.223797
12.810000 0.164575
12.843000 0.082527
12.877000 0.028704
12.910000 -0.033940
12.944000 -0.093771
12.977000 -0.167313
13.010000 -0.222874
13.044000 -0.269276
13.077000 -0.311129
13.110000 -0.338352
13.144000 -0.357571
13.177000 -0.364697
13.210000 -0.361132
13.244000 -0.346917
13.277000 -0.321546
13.311000 -0.284732
13.344000 -0.242984
13.377000 -0.192011
13.411000 -0.136927
13.444000 -0.074636
13.477000 -0.010764
13.511000 0.050588
13.544000 0.109921
13.577000 0.159273
13.611000 0.202617
13.644000 0.263506
13.677000 0.290780
13.711000 0.307105
13.744000 0.320527
13.778000 0.321756
13.811000 0.311374
13.844000 0.332387
13.878000 0.298479
13.911000 0.256917
13.944000 0.204285
13.978000 0.149051
14.011000 0.084802
14.044000 0.034774
14.078000 -0.028481
14.111000 -0.105462
14.145000 -0.178412
14.178000 -0.212325
14.211000 -0.257641
14.245000 -0.290572
14.278000 -0.317087
14.311000 -0.332986
14.345000 -0.336763
14.378000 -0.333621
14.411000 -0.318034
14.445000 -0.289702
14.478000 -0.256228
14.511000 -0.210143
14.545000 -0.160387
14.578000 -0.108815
14.612000 -0.050388
14.645000 0.012820
14.678000 0.074369
14.712000 0.133227
14.745000 0.187293
14.778000 0.240684
14.812000 0.257572
14.845000 0.290467
14.878000 0.316245
14.912000 0.326152
14.945000 0.325378
14.978000 0.313546
15.012000 0.290154
15.045000 0.248207
15.079000 0.202072
15.112000 0.182715
15.145000 0.132117
15.179000 0.070926
15.212000 -0.007243
15.245000 -0.065413
15.279000 -0.123547
15.312000 -0.177870
15.345000 -0.228038
15.379000 -0.268273
15.412000 -0.299979
15.446000 -0.323268
15.479000 -0.335350
15.512000 -0.338882
15.546000 -0.332210
15.579000 -0.313511
15.612000 -0.287790
15.646000 -0.248620
15.679000 -0.205068
15.712000 -0.151748
15.746000 -0.097287
15.779000 -0.039710
15.812000 0.014390
15.846000 0.072029
15.879000 0.124992
15.913000 0.177260
15.946000 0.217887
15.979000 0.254712
16.013000 0.298932
16.046000 0.316666
16.079000 0.312985
16.113000 0.310814
16.146000 0.298235
16.179000 0.268550
16.213000 0.232180
16.246000 0.187565
16.280000 0.139351
16.313000 0.105931
16.346000 0.049987
16.380000 -0.010727
16.413000 -0.072998
16.446000 -0.135615
16.480000 -0.184817
16.513000 -0.230194
16.546000 -0.269414
16.580000 -0.297781
16.613000 -0.316911
16.646000 -0.325202
16.680000 -0.326222
16.713000 -0.316526
16.747000 -0.298130
16.780000 -0.268965
16.813000 -0.231598
16.847000 -0.189397
16.880000 -0.139956
16.913000 -0.083062
16.947000 -0.027343
16.980000 0.022959
17.013000 0.078246
17.047000 0.132117
17.080000 0.187157
17.114000 0.214303
17.147000 0.250271
17.180000 0.277411
17.214000 0.294854
17.247000 0.300467
17.280000 0.295411
17.314000 0.279144
17.347000 0.251785
17.380000 0.217067
17.414000 0.173401
17.447000 0.124421
17.480000 0.089386
17.514000 0.027133
17.547000 -0.033706
17.581000 -0.080855
17.614000 -0.138475
17.647000 -0.188820
17.681000 -0.232831
17.714000 -0.265370
17.747000 -0.292277
17.781000 -0.310463
17.814000 -0.317824
17.847000 -0.316210
17.881000 -0.304203
17.914000 -0.282787
17.948000 -0.255229
17.981000 -0.220311
18.014000 -0.176583
18.048000 -0.126000
18.081000 -0.072798
18.114000 0.002250
18.148000 0.036975
18.181000 0.081624
18.214000 0.138879
18.248000 0.190279
18.281000 0.211507
18.314000 0.245870
18.348000 0.272043
18.381000 0.284384
18.415000 0.287616
18.448000 0.279561
18.481000 0.259710
18.515000 0.230879
18.548000 0.192860
18.581000 0.186241
18.615000 0.133261
18.648000 0.078012
18.681000 0.017598
18.715000 -0.038943
18.748000 -0.098827
18.781000 -0.149995
18.815000 -0.198297
18.848000 -0.238007
18.882000 -0.270936
18.915000 -0.293182
18.948000 -0.306580
18.982000 -0.311059
19.015000 -0.306965
19.048000 -0.293879
19.082000 -0.271628
19.115000 -0.240855
19.148000 -0.203093
19.182000 -0.157281
19.215000 -0.108245
19.249000 -0.053592
19.282000 -0.003387
19.315000 0.047818
19.349000 0.098057
19.382000 0.146524
19.415000 0.191400
19.449000 0.207792
19.482000 0.235744
19.515000 0.255229
19.549000 0.266096
19.582000 0.265370
19.615000 0.254988
19.649000 0.236121
19.682000 0.208099
19.716000 0.174721
19.749000 0.133261
19.782000 0.115154
19.816000 0.036775
19.849000 0.027363
19.882000 -0.015151
19.916000 -0.067050
19.949000 -0.114014
19.982000 -0.157213
20.016000 -0.194287
20.049000 -0.262815
20.083000 -0.282857
20.116000 -0.295829
20.149000 -0.299281
20.183000 -0.292799
20.216000 -0.277238
20.249000 -0.252715
20.283000 -0.220926
20.316000 -0.156809
20.349000 -0.114148
20.383000 -0.066649
20.416000 -0.014050
20.449000 0.035841
20.483000 0.087144
20.516000 0.135884
20.550000 0.183054
20.583000 0.227798
20.616000 0.253266
20.650000 0.281434
20.683000 0.326715
20.716000 0.336869
20.750000 0.335280
20.783000 0.323901
20.816000 0.304169
20.850000 0.241130
20.883000 0.205749
20.917000 0.158091
20.950000 0.120290
20.983000 0.071695
21.017000 0.013467
21.050000 -0.038343
21.083000 -0.086575
21.117000 -0.127848
21.150000 -0.201664
21.183000 -0.234853
21.217000 -0.260745
21.250000 -0.278139
21.283000 -0.288346
21.317000 -0.288450
21.350000 -0.280011
21.384000 -0.261745
21.417000 -0.237630
21.450000 -0.204216
21.484000 -0.166704
21.517000 -0.096851
21.550000 -0.048252
21.584000 0.000006
21.617000 0.049020
21.650000 0.098894
21.684000 0.146726
21.717000 0.190619
21.751000 0.220926
21.784000 0.254023
21.817000 0.232934
21.851000 0.248551
21.884000 0.253438
21.917000 0.248930
21.951000 0.234442
21.984000 0.211745
22.017000 0.179292
22.051000 0.185902
22.084000 0.140057
22.117000 0.102178
22.151000 0.052257
22.184000 -0.000427
22.218000 -0.046383
22.251000 -0.093871
22.284000 -0.169274
22.318000 -0.228688
22.351000 -0.234784
22.384000 -0.257641
22.418000 -0.272078
22.451000 -0.277654
22.484000 -0.275679
22.518000 -0.264887
22.551000 -0.245560
22.584000 -0.219560
22.618000 -0.185529
22.651000 -0.148478
22.685000 -0.105127
22.718000 -0.031165
22.751000 0.014924
22.785000 0.063008
22.818000 0.110760
22.851000 0.155695
22.885000 0.196291
22.918000 0.226225
22.951000 0.211780
22.985000 0.231564
23.018000 0.241439
23.052000 0.243774
23.085000 0.235950
23.118000 0.218877
23.152000 0.193132
23.185000 0.161805
23.218000 0.170830
23.252000 0.124320
23.285000 0.082895
23.318000 0.036175
23.352000 -0.014827
23.385000 -0.099095
23.418000 -0.139586
23.452000 -0.169781
23.485000 -0.204114
23.519000 -0.230160
23.552000 -0.251063
23.585000 -0.263229
23.619000 -0.267893
23.652000 -0.262988
23.685000 -0.249652
23.719000 -0.229612
23.752000 -0.200950
23.785000 -0.167888
23.819000 -0.129932
23.852000 -0.085002
23.886000 -0.043147
23.919000 0.004293
23.952000 0.052925
23.986000 0.117571
24.019000 0.131176
24.052000 0.170728
24.086000 0.205034
24.119000 0.230674
24.152000 0.222771
24.186000 0.231187
24.219000 0.231085
24.252000 0.220619
24.286000 0.201222
24.319000 0.174958
24.353000 0.142549
24.386000 0.100971
24.419000 0.054994
24.453000 0.011044
24.486000 -0.038743
24.519000 -0.084735
24.553000 -0.126739
24.586000 -0.167482
24.619000 -0.174044
24.653000 -0.204285
24.686000 -0.228380
24.720000 -0.272147
24.753000 -0.280497
24.786000 -0.280393
24.820000 -0.273324
24.853000 -0.235299
24.886000 -0.212018
24.920000 -0.184410
24.953000 -0.151310
24.986000 -0.114081
25.020000 -0.071561
25.053000 -0.041846
25.086000 0.001657
25.120000 0.047885
25.153000 0.088081
25.187000 0.126201
25.220000 0.151175
25.253000 0.178954
25.287000 0.204080
25.320000 0.218501
25.353000 0.222600
25.387000 0.218194
25.420000 0.204897
25.453000 0.183935
25.487000 0.155054
25.520000 0.120995
25.554000 0.127478
25.587000 0.094440
25.620000 0.044882
25.654000 0.000729
25.687000 -0.042680
25.720000 -0.081858
25.754000 -0.149860
25.787000 -0.185801
25.820000 -0.210893
25.854000 -0.231564
25.887000 -0.245423
25.920000 -0.251200
25.954000 -0.250443
25.987000 -0.241336
26.021000 -0.224104
26.054000 -0.200712
26.087000 -0.171540
26.121000 -0.139115
26.154000 -0.101206
26.187000 -0.039644
26.221000 0.002667
26.254000 0.048786
26.287000 0.092934
26.321000 0.131647
26.354000 0.169105
26.387000 0.203366
26.421000 0.181156
26.454000 0.196495
26.488000 0.207145
26.521000 0.209837
26.554000 0.203876
26.588000 0.190178
26.621000 0.168665
26.654000 0.140798
26.688000 0.149321
26.721000 0.112437
26.754000 0.067685
26.788000 0.030275
26.821000 -0.012287
26.855000 -0.054393
26.888000 -0.090691
26.921000 -0.124925
26.955000 -0.186038
26.988000 -0.211507
27.021000 -0.229407
27.055000 -0.240306
27.088000 -0.264749
27.121000 -0.240169
27.155000 -0.228928
27.188000 -0.231427
27.221000 -0.186750
27.255000 -0.179733
27.288000 -0.087244
27.322000 -0.052391
27.355000 -0.020095
27.388000 0.026326
27.422000 0.067652
27.455000 0.107306
27.488000 0.145985
27.522000 0.180749
27.555000 0.209598
27.588000 0.287755
27.622000 0.301549
27.655000 0.237047
27.689000 0.248758
27.722000 0.241370
27.755000 0.225575
27.789000 0.203263
27.822000 0.171675
27.855000 0.141370
27.889000 0.106401
27.922000 0.067852
27.955000 -0.011754
27.989000 -0.038109
28.022000 -0.087512
28.055000 -0.125025
28.089000 -0.162346
28.122000 -0.187327
28.156000 -0.213041
28.189000 -0.227011
28.222000 -0.234579
28.256000 -0.237767
28.289000 -0.231119
28.322000 -0.219662
28.356000 -0.200780
28.389000 -0.175364
28.422000 -0.145580
28.456000 -0.112537
28.489000 -0.074402
28.523000 -0.035041
28.556000 0.003810
28.589000 0.044014
28.623000 0.084869
28.656000 0.122372
28.689000 0.159273
28.723000 0.159340
28.756000 0.178175
28.789000 0.190483
28.823000 0.212359
28.856000 0.209768
28.889000 0.199385
28.923000 0.182478
28.956000 0.159104
28.990000 0.124186
29.023000 0.089586
29.056000 0.071528
29.090000 0.023419
29.123000 -0.021378
29.156000 -0.058767
29.190000 -0.095847
29.223000 -0.138576
29.256000 -0.165859
29.290000 -0.192486
29.323000 -0.211575
29.357000 -0.224993
29.390000 -0.230023
29.423000 -0.230468
29.457000 -0.221780
29.490000 -0.209155
29.523000 -0.187293
29.557000 -0.161602
29.590000 -0.131579
29.623000 -0.098492
29.657000 -0.063643
29.690000 -0.026616
29.723000 0.013470
29.757000 0.053626
29.790000 0.091026
29.824000 0.128453
29.857000 0.158800
29.890000 0.159475
29.924000 0.173570
29.957000 0.183325
29.990000 0.184953
30.024000 0.181291
30.057000 0.169544
30.090000 0.150737
30.124000 0.126437
30.157000 0.097856
30.191000 0.066415
30.224000 0.051857
30.257000 0.009147
30.291000 -0.028924
30.324000 -0.070726
30.357000 -0.112034
30.391000 -0.145951
30.424000 -0.173536
30.457000 -0.193064
30.491000 -0.211507
30.524000 -0.221575
30.557000 -0.224310
30.591000 -0.220858
30.624000 -0.211677
30.658000 -0.196937
30.691000 -0.176989
30.724000 -0.148681
30.758000 -0.118443
30.791000 -0.086943
30.824000 -0.051756
30.858000 -0.013337
30.891000 0.022859
30.924000 0.062507
30.958000 0.097421
30.991000 0.129092
31.024000 0.162177
31.058000 0.182884
31.091000 0.196665
31.125000 0.169714
31.158000 0.169646
31.191000 0.162886
31.225000 0.148849
31.258000 0.158597
31.291000 0.130840
31.325000 0.109318
31.358000 0.076709
31.391000 0.027440
31.425000 -0.013607
31.458000 -0.050355
31.492000 -0.086039
31.525000 -0.119350
31.558000 -0.151310
31.592000 -0.178717
31.625000 -0.196427
31.658000 -0.210280
31.692000 -0.217511
31.725000 -0.217340
31.758000 -0.212768
31.792000 -0.200984
31.825000 -0.185224
31.858000 -0.162042
31.892000 -0.138307
31.925000 -0.106099
31.959000 -0.071628
31.992000 -0.035574
32.025000 -0.001939
32.059000 0.029924
32.092000 0.064344
32.125000 0.099129
32.159000 0.115188
32.192000 0.138307
32.225000 0.151040
32.259000 0.161940
32.292000 0.167009
32.326000 0.164643
32.359000 0.155391
32.392000 0.140091
32.426000 0.119115
32.459000 0.092532
32.492000 0.060838
32.526000 0.055428
32.559000 0.017851
32.592000 -0.026406
32.626000 -0.065848
32.659000 -0.099464
32.692000 -0.129999
32.726000 -0.155054
32.759000 -0.177937
32.793000 -0.195816
32.826000 -0.207315
32.859000 -0.211711
32.893000 -0.211780
32.926000 -0.203195
32.959000 -0.189261
32.993000 -0.170322
33.026000 -0.149995
33.059000 -0.121835
33.093000 -0.092264
33.126000 -0.060771
33.160000 -0.027774
33.193000 0.005630
33.226000 0.039177
33.260000 0.075104
33.293000 0.110324
33.326000 0.114651
33.360000 0.133799
33.393000 0.147905
33.426000 0.156640
33.460000 0.159138
33.493000 0.173435
33.526000 0.162042
33.560000 0.145176
33.593000 0.121599
33.627000 0.094072
33.660000 0.077143
33.693000 0.040144
33.727000 -0.003700
33.760000 -0.041278
33.793000 -0.072864
33.827000 -0.107574
33.860000 -0.133832
33.893000 -0.160150
33.927000 -0.178005
33.960000 -0.193030
33.994000 -0.200916
34.027000 -0.203468
34.060000 -0.200439
34.094000 -0.190517
34.127000 -0.177091
34.160000 -0.157956
34.194000 -0.133664
34.227000 -0.107440
34.260000 -0.078848
34.294000 -0.046550
34.327000 -0.012860
34.360000 0.020655
34.394000 0.053292
34.427000 0.083765
34.461000 0.122036
34.494000 0.141774
34.527000 0.135212
34.561000 0.145681
34.594000 0.152490
34.627000 0.151546
34.661000 0.145277
34.694000 0.133093
34.727000 0.115859
34.761000 0.092934
34.794000 0.065146
34.827000 0.059168
34.861000 0.021198
34.894000 -0.011677
34.928000 -0.043914
34.961000 -0.080320
34.994000 -0.109183
35.028000 -0.135582
35.061000 -0.158732
35.094000 -0.176854
35.128000 -0.187700
35.161000 -0.192554
35.194000 -0.194864
35.228000 -0.189431
35.261000 -0.178208
35.295000 -0.162075
35.328000 -0.142818
35.361000 -0.118779
35.395000 -0.092599
35.428000 -0.062541
35.461000 -0.031248
35.495000 0.002140
35.528000 0.033406
35.561000 0.063576
35.595000 0.090323
35.628000 0.131411
35.661000 0.151108
35.695000 0.166062
35.728000 0.143290
35.762000 0.146187
35.795000 0.143357
35.828000 0.134539
35.862000 0.120357
35.895000 0.101943
35.928000 0.079149
35.962000 0.060103
35.995000 0.032279
36.028000 0.007953
36.062000 -0.024419
36.095000 -0.048319
36.129000 -0.090222
36.162000 -0.117504
36.195000 -0.141202
36.229000 -0.161400
36.262000 -0.175330
36.295000 -0.184478
36.329000 -0.187904
36.362000 -0.185292
36.395000 -0.177870
36.429000 -0.168361
36.462000 -0.151546
36.495000 -0.131142
36.529000 -0.106300
36.562000 -0.079283
36.596000 -0.049086
36.629000 -0.020958
36.662000 0.012547
36.696000 0.042780
36.729000 0.068788
36.762000 0.100234
36.796000 0.126672
36.829000 0.146086
36.862000 0.128688
36.896000 0.135447
36.929000 0.135413
36.963000 0.130772
36.996000 0.120357
37.029000 0.104222
37.063000 0.083464
37.096000 0.059802
37.129000 0.061672
37.163000 0.020315
37.196000 -0.011937
37.229000 -0.045316
37.263000 -0.075271
37.296000 -0.102111
37.329000 -0.126873
37.363000 -0.148681
37.396000 -0.165386
37.430000 -0.177057
37.463000 -0.182647
37.496000 -0.183562
37.530000 -0.180139
37.563000 -0.172995
37.596000 -0.158260
37.630000 -0.141269
37.663000 -0.119451
37.696000 -0.094407
37.730000 -0.067652
37.763000 -0.039877
37.797000 -0.008813
37.830000 0.017681
37.863000 0.045382
37.897000 0.070391
37.930000 0.107004
37.963000 0.126470
37.997000 0.142414
38.030000 0.122238
38.063000 0.126705
38.097000 0.125361
38.130000 0.118678
38.163000 0.107842
38.197000 0.091461
38.230000 0.072998
38.264000 0.072798
38.297000 0.042279
38.330000 0.007207
38.364000 -0.024472
38.397000 -0.055896
38.430000 -0.085069
38.464000 -0.111598
38.497000 -0.130907
38.530000 -0.151647
38.564000 -0.166096
38.597000 -0.174416
38.630000 -0.175601
38.664000 -0.176177
38.697000 -0.171066
38.731000 -0.159171
38.764000 -0.145985
38.797000 -0.128319
38.831000 -0.107507
38.864000 -0.082326
38.897000 -0.056296
38.931000 -0.028330
38.964000 0.001674
38.997000 0.026163
39.031000 0.052357
39.064000 0.079785
39.098000 0.108077
39.131000 0.132117
39.164000 0.113510
39.198000 0.119954
39.231000 0.121096
39.264000 0.117671
39.298000 0.108781
39.331000 0.095110
39.364000 0.095378
39.398000 0.073700
39.431000 0.048052
39.464000 0.018444
39.498000 -0.010504
39.531000 -0.038376
39.565000 -0.062775
39.598000 -0.089553
39.631000 -0.113913
39.665000 -0.135649
39.698000 -0.151681
39.731000 -0.162852
39.765000 -0.169511
39.798000 -0.172995
39.831000 -0.168327
39.865000 -0.160117
39.898000 -0.148916
39.932000 -0.132050
39.965000 -0.113477
39.998000 -0.091628
40.032000 -0.067518
40.065000 -0.041712
40.098000 -0.014511
40.132000 0.012320
40.165000 0.038409
40.198000 0.062608
40.232000 0.087378
40.265000 0.117034
40.298000 0.133025
40.332000 0.142818
40.365000 0.117604
40.399000 0.116866
40.432000 0.111665
40.465000 0.100033
40.499000 0.085973
40.532000 0.066215
40.565000 0.075104
40.599000 0.047952
40.632000 0.015014
40.665000 -0.013400
40.699000 -0.043080
40.732000 -0.071093
40.766000 -0.096316
40.799000 -0.116430
40.832000 -0.133328
40.866000 -0.146018
40.899000 -0.154345
40.932000 -0.161805
40.966000 -0.161028
40.999000 -0.156674
41.032000 -0.149287
41.066000 -0.133967
41.099000 -0.119081
41.132000 -0.099799
41.166000 -0.077812
41.199000 -0.052257
41.233000 -0.027694
41.266000 -0.001220
41.299000 0.025843
41.333000 0.049287
41.366000 0.070458
41.399000 0.099062
41.433000 0.090858
41.466000 0.101072
41.499000 0.108144
41.533000 0.110324
41.566000 0.107708
41.600000 0.100000
41.633000 0.087679
41.666000 0.070224
41.700000 0.052090
41.733000 0.060938
41.766000 0.034307
41.800000 -0.005073
41.833000 -0.032159
41.866000 -0.057231
41.900000 -0.079785
41.933000 -0.104557
41.966000 -0.122808
42.000000 -0.136658
42.033000 -0.147535
42.067000 -0.157652
42.100000 -0.157889
42.133000 -0.157315
42.167000 -0.151344
42.200000 -0.138677
42.233000 -0.127277
42.267000 -0.106367
42.300000 -0.087512
42.333000 -0.066148
42.367000 -0.042513
42.400000 -0.018901
42.434000 0.008453
42.467000 0.032509
42.500000 0.058734
42.534000 0.080152
42.567000 0.102278
42.600000 0.117403
42.634000 0.129629
42.667000 0.134942
42.700000 0.104289
42.734000 0.099296
42.767000 0.090825
42.800000 0.077110
42.834000 0.059635
42.867000 0.069088
42.901000 0.045449
42.934000 0.016027
42.967000 -0.013664
43.001000 -0.043113
43.034000 -0.070458
43.067000 -0.090624
43.101000 -0.114752
43.134000 -0.130268
43.167000 -0.142684
43.201000 -0.150265
43.234000 -0.153300
43.267000 -0.155627
43.301000 -0.152591
43.334000 -0.143324
43.368000 -0.130436
43.401000 -0.116933
43.434000 -0.100301
43.468000 -0.080052
43.501000 -0.055796
43.534000 -0.032339
43.568000 -0.007573
43.601000 0.015071
43.634000 0.037809
43.668000 0.058467
43.701000 0.076775
43.735000 0.102580
43.768000 0.117269
43.801000 0.125193
43.835000 0.127613
43.868000 0.125429
43.901000 0.118947
43.935000 0.108446
43.968000 0.091929
44.001000 0.073733
44.035000 0.050922
44.068000 0.016934
44.101000 -0.000366
44.135000 -0.031075
44.168000 -0.056664
44.202000 -0.076876
44.235000 -0.098794
44.268000 -0.116698
44.302000 -0.130201
44.335000 -0.140327
44.368000 -0.149287
44.402000 -0.151007
44.435000 -0.150838
44.468000 -0.144940
44.502000 -0.134505
44.535000 -0.121902
44.569000 -0.107909
44.602000 -0.088014
44.635000 -0.068186
44.669000 -0.046850
44.702000 -0.023902
44.735000 -0.001083
44.769000 0.021708
44.802000 0.042913
44.835000 0.060537
44.869000 0.082293
44.902000 0.103418
44.935000 0.113879
44.969000 0.118376
45.002000 0.118376
45.036000 0.114483
45.069000 0.106904
45.102000 0.093637
45.136000 0.078514
45.169000 0.058300
45.202000 0.034540
45.236000 0.007660
45.269000 -0.018701
45.302000 -0.040578
45.336000 -0.063843
45.369000 -0.085638
45.403000 -0.104557
45.436000 -0.118645
45.469000 -0.129092
45.503000 -0.140663
45.536000 -0.142414
45.569000 -0.144637
45.603000 -0.141842
45.636000 -0.135346
45.669000 -0.123245
45.703000 -0.109586
45.736000 -0.092766
45.769000 -0.075538
45.803000 -0.055295
45.836000 -0.031435
45.870000 -0.011644
45.903000 0.012780
45.936000 0.033249
45.970000 0.052124
46.003000 0.070391
46.036000 0.083631
46.070000 0.095411
46.103000 0.110860
46.136000 0.113946
46.170000 0.112906
46.203000 0.107138
46.237000 0.098526
46.270000 0.084668
46.303000 0.069489
46.337000 0.052190
46.370000 0.021465
46.403000 -0.004367
46.437000 -0.028074
46.470000 -0.050555
46.503000 -0.071026
46.537000 -0.088850
46.570000 -0.102982
46.603000 -0.118846
46.637000 -0.127512
46.670000 -0.132084
46.704000 -0.137230
46.737000 -0.137096
46.770000 -0.132218
46.804000 -0.123312
46.837000 -0.110894
46.870000 -0.098124
46.904000 -0.079985
46.937000 -0.060904
46.970000 -0.041412
47.004000 -0.018924
47.037000 -0.000613
47.070000 0.018951
47.104000 0.038576
47.137000 0.056764
47.171000 0.070492
47.204000 0.090423
47.237000 0.104457
47.271000 0.109955
47.304000 0.111062
47.337000 0.107608
47.371000 0.100335
47.404000 0.089921
47.437000 0.074770
47.471000 0.058333
47.504000 0.037509
47.538000 0.008247
47.571000 -0.016991
47.604000 -0.038710
47.638000 -0.057999
47.671000 -0.076709
47.704000 -0.094273
47.738000 -0.108043
47.771000 -0.120995
47.804000 -0.126739
47.838000 -0.130638
47.871000 -0.130806
47.904000 -0.128520
47.938000 -0.122137
47.971000 -0.112168
48.005000 -0.099866
48.038000 -0.085370
48.071000 -0.069690
48.105000 -0.050622
48.138000 -0.030818
48.171000 -0.012470
48.205000 0.008573
48.238000 0.027804
48.271000 0.044782
48.305000 0.059468
48.338000 0.072497
48.372000 0.087344
48.405000 0.093235
48.438000 0.107239
48.472000 0.105194
48.505000 0.100301
48.538000 0.091862
48.572000 0.078915
48.605000 0.064612
48.638000 0.032989
48.672000 0.011644
48.705000 -0.008157
48.738000 -0.028837
48.772000 -0.050221
48.805000 -0.067819
48.839000 -0.087612
48.872000 -0.101240
48.905000 -0.113644
48.939000 -0.123077
48.972000 -0.127277
49.005000 -0.131983
49.039000 -0.132050
49.072000 -0.126000
49.105000 -0.118041
49.139000 -0.108144
49.172000 -0.094943
49.206000 -0.079484
49.239000 -0.062040
49.272000 -0.042947
49.306000 -0.024386
49.339000 -0.005307
49.372000 0.013017
49.406000 0.030625
49.439000 0.046650
49.472000 0.059468
49.506000 0.073098
49.539000 0.080186
49.572000 0.098660
49.606000 0.098827
49.639000 0.095579
49.673000 0.088683
49.706000 0.078882
49.739000 0.065179
49.773000 0.049253
49.806000 0.032392
49.839000 0.000661
49.873000 -0.020255
49.906000 -0.040745
49.939000 -0.058366
49.973000 -0.076073
50.006000 -0.089252
50.040000 -0.105429
50.073000 -0.113544
50.106000 -0.123715
50.140000 -0.125193
50.173000 -0.128117
50.206000 -0.123715
50.240000 -0.117973
50.273000 -0.109049
50.306000 -0.098693
50.340000 -0.084969
50.373000 -0.068955
50.406000 -0.051056
50.440000 -0.034373
50.473000 -0.013737
50.507000 0.004170
50.540000 0.020575
50.573000 0.036808
50.607000 0.050722
50.640000 0.064144
50.673000 0.073332
50.707000 0.079183
50.740000 0.094005
50.773000 0.092532
50.807000 0.087378
50.840000 0.079551
50.873000 0.069523
50.907000 0.054460
50.940000 0.037776
50.974000 0.019485
51.007000 -0.011214
51.040000 -0.029304
51.074000 -0.048252
51.107000 -0.064645
51.140000 -0.079216
51.174000 -0.093268
51.207000 -0.104792
51.240000 -0.114081
51.274000 -0.119216
51.307000 -0.120760
51.341000 -0.121532
51.374000 -0.118544
51.407000 -0.110961
51.441000 -0.099698
51.474000 -0.085872
51.507000 -0.072229
51.541000 -0.056530
51.574000 -0.039644
51.607000 -0.023229
51.641000 -0.005773
51.674000 0.010840
51.707000 0.026963
51.741000 0.041645
51.774000 0.055061
51.808000 0.065346
51.841000 0.071661
51.874000 0.078514
51.908000 0.084668
51.941000 0.083965
51.974000 0.078915
52.008000 0.070458
52.041000 0.059034
52.074000 0.043314
52.108000 0.017694
52.141000 -0.002333
52.175000 -0.020735
52.208000 -0.037976
52.241000 -0.055662
52.275000 -0.072530
52.308000 -0.086073
52.341000 -0.097890
52.375000 -0.107004
52.408000 -0.113577
52.441000 -0.116866
52.475000 -0.116430
52.508000 -0.114785
52.541000 -0.109586
52.575000 -0.101240
52.608000 -0.089185
52.642000 -0.076943
52.675000 -0.062875
52.708000 -0.048819
52.742000 -0.029908
52.775000 -0.012567
52.808000 0.003269
52.842000 0.020448
52.875000 0.033196
52.908000 0.045316
52.942000 0.057231
52.975000 0.066683
53.009000 0.071427
53.042000 0.074034
53.075000 0.072229
53.109000 0.067652
53.142000 0.060303
53.175000 0.049954
53.209000 0.036708
53.242000 0.022032
53.275000 0.005047
53.309000 -0.011997
53.342000 -0.028891
53.375000 -0.045649
53.409000 -0.060871
53.442000 -0.076508
53.476000 -0.089118
53.509000 -0.101575
53.542000 -0.107574
53.576000 -0.114953
53.609000 -0.113712
53.642000 -0.113712
53.676000 -0.109686
53.709000 -0.102714
53.742000 -0.092934
53.776000 -0.079952
53.809000 -0.068420
53.843000 -0.051923
53.876000 -0.038043
53.909000 -0.021718
53.943000 -0.004367
53.976000 0.010727
54.009000 0.025893
54.043000 0.039544
54.076000 0.050088
54.109000 0.061138
54.143000 0.067184
54.176000 0.070124
54.209000 0.070158
54.243000 0.066883
54.276000 0.060203
54.310000 0.051222
54.343000 0.039944
54.376000 0.025910
54.410000 0.011587
54.443000 -0.003907
54.476000 -0.020608
54.510000 -0.039010
54.543000 -0.056597
54.576000 -0.072530
54.610000 -0.084701
54.643000 -0.094976
54.677000 -0.104658
54.710000 -0.108412
54.743000 -0.113275
54.777000 -0.112168
54.810000 -0.108178
54.843000 -0.103418
54.877000 -0.094842
54.910000 -0.084066
54.943000 -0.074435
54.977000 -0.059335
55.010000 -0.046417
55.043000 -0.029488
55.077000 -0.016001
55.110000 0.000564
55.144000 0.015961
55.177000 0.029371
55.210000 0.041245
55.244000 0.050455
55.277000 0.056897
55.310000 0.060303
55.344000 0.062775
55.377000 0.062574
55.410000 0.057866
55.444000 0.050622
55.477000 0.041045
55.510000 0.029268
55.544000 0.015841
55.577000 -0.001040
55.611000 -0.016067
55.644000 -0.034407
55.677000 -0.048052
55.711000 -0.064077
55.744000 -0.076073
55.777000 -0.087211
55.811000 -0.097454
55.844000 -0.101608
55.877000 -0.107608
55.911000 -0.107842
55.944000 -0.105127
55.978000 -0.101407
56.011000 -0.094842
56.044000 -0.085237
56.078000 -0.074736
56.111000 -0.061138
56.144000 -0.047585
56.178000 -0.033136
56.211000 -0.018971
56.244000 -0.003833
56.278000 0.011564
56.311000 0.024379
56.344000 0.036041
56.378000 0.045316
56.411000 0.052891
56.445000 0.057799
56.478000 0.061171
56.511000 0.060804
56.545000 0.058033
56.578000 0.051890
56.611000 0.043180
56.645000 0.032692
56.678000 0.020521
56.711000 0.005913
56.745000 -0.009430
56.778000 -0.024833
56.812000 -0.040478
56.845000 -0.055529
56.878000 -0.069189
56.912000 -0.080152
56.945000 -0.089252
56.978000 -0.096215
57.012000 -0.100770
57.045000 -0.104356
57.078000 -0.104859
57.112000 -0.100402
57.145000 -0.094876
57.178000 -0.086642
57.212000 -0.075906
57.245000 -0.065514
57.279000 -0.051556
57.312000 -0.037909
57.345000 -0.024082
57.379000 -0.008003
57.412000 0.005443
57.445000 0.019191
57.479000 0.029858
57.512000 0.039811
57.545000 0.047218
57.579000 0.053259
57.612000 0.058300
57.646000 0.058867
57.679000 0.056363
57.712000 0.052724
57.746000 0.045649
57.779000 0.036074
57.812000 0.024522
57.846000 0.009850
57.879000 -0.003947
57.912000 -0.018611
57.946000 -0.032919
57.979000 -0.047084
58.012000 -0.061238
58.046000 -0.071862
58.079000 -0.082594
58.113000 -0.089854
58.146000 -0.094943
58.179000 -0.099698
58.213000 -0.101340
58.246000 -0.097689
58.279000 -0.092130
58.313000 -0.085671
58.346000 -0.076374
58.379000 -0.064912
58.413000 -0.055695
58.446000 -0.041545
58.480000 -0.028057
58.513000 -0.014257
58.546000 -0.001341
58.580000 0.011600
58.613000 0.024546
58.646000 0.034640
58.680000 0.043380
58.713000 0.049654
58.746000 0.053158
58.780000 0.055963
58.813000 0.054360
58.846000 0.050555
58.880000 0.044848
58.913000 0.036675
58.947000 0.026003
58.980000 0.013617
59.013000 0.000548
59.047000 -0.014204
59.080000 -0.028204
59.113000 -0.042179
59.147000 -0.055695
59.180000 -0.066248
59.213000 -0.076943
59.247000 -0.085069
59.280000 -0.092197
59.313000 -0.095411
59.347000 -0.096583
59.380000 -0.096952
59.414000 -0.094206
59.447000 -0.089319
59.480000 -0.081758
59.514000 -0.071828
59.547000 -0.060036
59.580000 -0.048519
59.614000 -0.036175
59.647000 -0.023319
59.680000 -0.010684
59.714000 0.003497
59.747000 0.016287
59.781000 0.027273
59.814000 0.036808
59.847000 0.043280
59.881000 0.048018
59.914000 0.050688
59.947000 0.050555
59.981000 0.047785
60.014000 0.042546
60.047000 0.035407
60.081000 0.026110
60.114000 0.014984
60.147000 0.003503
60.181000 -0.009880
60.214000 -0.023232
60.248000 -0.036642
60.281000 -0.050121
60.314000 -0.062908
60.348000 -0.073800
60.381000 -0.081490
60.414000 -0.087746
60.448000 -0.094005
60.481000 -0.097689
60.514000 -0.096784
60.548000 -0.093670
60.581000 -0.089486
60.615000 -0.083162
60.648000 -0.074502
60.681000 -0.064010
60.715000 -0.053425
60.748000 -0.040278
60.781000 -0.028387
60.815000 -0.015404
60.848000 -0.001818
60.881000 0.008570
60.915000 0.019725
60.948000 0.029381
60.981000 0.038343
61.015000 0.043347
61.048000 0.046483
61.082000 0.047918
61.115000 0.046850
61.148000 0.042546
61.182000 0.036341
61.215000 0.027984
61.248000 0.017788
61.282000 0.006583
61.315000 -0.005320
61.348000 -0.017971
61.382000 -0.030805
61.415000 -0.043747
61.449000 -0.056363
61.482000 -0.067685
61.515000 -0.077912
61.549000 -0.084601
61.582000 -0.089754
61.615000 -0.093871
61.649000 -0.093536
61.682000 -0.092733
61.715000 -0.088014
61.749000 -0.082627
61.782000 -0.075338
61.815000 -0.065647
61.849000 -0.054727
61.882000 -0.043347
61.916000 -0.031959
61.949000 -0.018588
61.982000 -0.007127
62.016000 0.004040
62.049000 0.015497
62.082000 0.025506
62.116000 0.033573
62.149000 0.039744
62.182000 0.043414
62.216000 0.044581
62.249000 0.043881
62.283000 0.041345
62.316000 0.036208
62.349000 0.028931
62.383000 0.020325
62.416000 0.009963
62.449000 -0.001234
62.483000 -0.013734
62.516000 -0.026583
62.549000 -0.039677
62.583000 -0.051556
62.616000 -0.062307
62.649000 -0.071962
62.683000 -0.078882
62.716000 -0.083898
62.750000 -0.088348
62.783000 -0.091059
62.816000 -0.089252
62.850000 -0.085705
62.883000 -0.081557
62.916000 -0.074770
62.950000 -0.066215
62.983000 -0.056063
63.016000 -0.045649
63.050000 -0.035107
63.083000 -0.022475
63.116000 -0.010927
63.150000 -0.000489
63.183000 0.010880
63.217000 0.020735
63.250000 0.029251
63.283000 0.035641
63.317000 0.039844
63.350000 0.042012
63.383000 0.042513
63.417000 0.039877
63.450000 0.035708
63.483000 0.029548
63.517000 0.021565
63.550000 0.012070
63.584000 0.001104
63.617000 -0.010474
63.650000 -0.022075
63.684000 -0.033740
63.717000 -0.045249
63.750000 -0.055595
63.784000 -0.065447
63.817000 -0.074469
63.850000 -0.079551
63.884000 -0.082795
63.917000 -0.086140
63.950000 -0.087512
63.984000 -0.086307
64.017000 -0.082895
64.051000 -0.075538
64.084000 -0.068387
64.117000 -0.058934
64.151000 -0.048519
64.184000 -0.039110
64.217000 -0.028190
64.251000 -0.015841
64.284000 -0.004163
64.317000 0.005623
64.351000 0.015417
64.384000 0.022745
64.418000 0.029498
64.451000 0.034874
64.484000 0.037309
64.518000 0.038243
64.551000 0.037008
64.584000 0.034940
64.618000 0.029251
64.651000 0.022068
64.684000 0.013157
64.718000 0.003207
64.751000 -0.007137
64.784000 -0.018618
64.818000 -0.029958
64.851000 -0.041545
64.885000 -0.052124
64.918000 -0.061973
64.951000 -0.070559
64.985000 -0.076408
65.018000 -0.081524
65.051000 -0.083865
65.085000 -0.085571
65.118000 -0.085805
65.151000 -0.081758
65.185000 -0.075605
65.218000 -0.069189
65.252000 -0.061138
65.285000 -0.051189
65.318000 -0.041712
65.352000 -0.032072
65.385000 -0.020005
65.418000 -0.009667
65.452000 -0.000175
65.485000 0.010537
65.518000 0.019735
65.552000 0.026760
65.585000 0.032773
65.618000 0.036408
65.652000 0.038209
65.685000 0.037375
65.719000 0.034607
65.752000 0.029838
65.785000 0.023736
65.819000 0.015844
65.852000 0.006753
65.885000 -0.003130
65.919000 -0.014177
65.952000 -0.025913
65.985000 -0.037475
66.019000 -0.048386
66.052000 -0.058266
66.086000 -0.067217
66.119000 -0.073098
66.152000 -0.079316
66.186000 -0.083965
66.219000 -0.084434
66.252000 -0.084668
66.286000 -0.080922
66.319000 -0.077678
66.352000 -0.071862
66.386000 -0.064578
66.419000 -0.055829
66.452000 -0.045649
66.486000 -0.034874
66.519000 -0.025149
66.553000 -0.014957
66.586000 -0.004003
66.619000 0.006177
66.653000 0.015634
66.686000 0.021858
66.719000 0.028184
66.753000 0.031762
66.786000 0.034140
66.819000 0.034507
66.853000 0.032489
66.886000 0.028957
66.920000 0.022899
66.953000 0.015387
66.986000 0.006570
67.020000 -0.002777
67.053000 -0.012834
67.086000 -0.024249
67.120000 -0.035307
67.153000 -0.046216
67.186000 -0.055896
67.220000 -0.064946
67.253000 -0.072263
67.286000 -0.078748
67.320000 -0.082226
67.353000 -0.083263
67.387000 -0.084133
67.420000 -0.083363
67.453000 -0.079952
67.487000 -0.072798
67.520000 -0.066349
67.553000 -0.058366
67.587000 -0.048586
67.620000 -0.039210
67.653000 -0.028070
67.687000 -0.017314
67.720000 -0.007457
67.753000 0.002579
67.787000 0.010327
67.820000 0.018038
67.854000 0.024029
67.887000 0.029011
67.920000 0.030992
67.954000 0.031632
67.987000 0.030388
68.020000 0.027594
68.054000 0.022615
68.087000 0.016614
68.120000 0.008713
68.154000 -0.000857
68.187000 -0.010490
68.221000 -0.020361
68.254000 -0.031465
68.287000 -0.042880
68.321000 -0.052691
68.354000 -0.060771
68.387000 -0.068520
68.421000 -0.074903
68.454000 -0.078447
68.487000 -0.080821
68.521000 -0.081657
68.554000 -0.079584
68.587000 -0.076809
68.621000 -0.072597
68.654000 -0.065113
68.688000 -0.057465
68.721000 -0.048319
68.754000 -0.038576
68.788000 -0.030181
68.821000 -0.020928
68.854000 -0.010277
68.888000 0.000030
68.921000 0.007770
68.954000 0.016011
68.988000 0.021595
69.021000 0.026550
69.055000 0.029724
69.088000 0.030892
69.121000 0.030421
69.155000 0.028017
69.188000 0.023622
69.221000 0.018538
69.255000 0.011340
69.288000 0.002706
69.321000 -0.006653
69.355000 -0.016574
69.388000 -0.026830
69.421000 -0.036875
69.455000 -0.046617
69.488000 -0.055595
69.522000 -0.063610
69.555000 -0.070191
69.588000 -0.075304
69.622000 -0.077511
69.655000 -0.079584
69.688000 -0.077812
69.722000 -0.076274
69.755000 -0.072129
69.788000 -0.066983
69.822000 -0.060103
69.855000 -0.052290
69.889000 -0.043047
69.922000 -0.033119
69.955000 -0.022882
69.989000 -0.012657
70.022000 -0.003950
70.055000 0.003670
70.089000 0.012230
70.122000 0.019368
70.155000 0.024706
70.189000 0.028257
70.222000 0.029964
70.255000 0.029551
70.289000 0.028160
70.322000 0.024169
70.356000 0.018418
70.389000 0.011590
70.422000 0.004207
70.456000 -0.005857
70.489000 -0.015817
70.522000 -0.025900
70.556000 -0.035174
70.589000 -0.044648
70.622000 -0.053492
70.656000 -0.061071
70.689000 -0.067518
70.723000 -0.072998
70.756000 -0.075572
70.789000 -0.078046
70.823000 -0.078414
70.856000 -0.075672
70.889000 -0.072397
70.923000 -0.067551
70.956000 -0.061205
70.989000 -0.053692
71.023000 -0.045082
71.056000 -0.035741
71.089000 -0.025923
71.123000 -0.015561
71.156000 -0.006777
71.190000 0.002778
71.223000 0.009413
71.256000 0.016764
71.290000 0.022542
71.323000 0.026733
71.356000 0.029164
71.390000 0.029934
71.423000 0.028234
71.456000 0.024596
71.490000 0.019798
71.523000 0.013267
71.556000 0.006373
71.590000 -0.001801
71.623000 -0.010290
71.657000 -0.019918
71.690000 -0.030065
71.723000 -0.040278
71.757000 -0.049821
71.790000 -0.057999
71.823000 -0.064812
71.857000 -0.070559
71.890000 -0.073800
71.923000 -0.076675
71.957000 -0.077344
71.990000 -0.076909
72.024000 -0.073700
72.057000 -0.070158
72.090000 -0.064211
72.124000 -0.057098
72.157000 -0.048920
72.190000 -0.040111
72.224000 -0.030768
72.257000 -0.020912
72.290000 -0.012794
72.324000 -0.003600
72.357000 0.003810
72.390000 0.011117
72.424000 0.017514
72.457000 0.021188
72.491000 0.023859
72.524000 0.025406
72.557000 0.025103
72.591000 0.023349
72.624000 0.019981
72.657000 0.014257
72.691000 0.007250
72.724000 -0.000574
72.757000 -0.009983
72.791000 -0.019551
72.824000 -0.029204
72.858000 -0.038343
72.891000 -0.047685
72.924000 -0.055662
72.958000 -0.062708
72.991000 -0.067451
73.024000 -0.072129
73.058000 -0.074870
73.091000 -0.076408
73.124000 -0.074803
73.158000 -0.072463
73.191000 -0.068788
73.224000 -0.062474
73.258000 -0.056597
73.291000 -0.049320
73.325000 -0.040645
73.358000 -0.031752
73.391000 -0.022595
73.425000 -0.013554
73.458000 -0.005860
73.491000 0.002327
73.525000 0.008340
73.558000 0.014687
73.591000 0.019615
73.625000 0.023212
73.658000 0.024926
73.692000 0.024686
73.725000 0.023182
73.758000 0.019741
73.792000 0.015294
73.825000 0.009073
73.858000 0.001695
73.892000 -0.006193
73.925000 -0.015311
73.958000 -0.024149
73.992000 -0.033189
74.025000 -0.042613
74.058000 -0.050722
74.092000 -0.057866
74.125000 -0.063543
74.159000 -0.067117
74.192000 -0.070425
74.225000 -0.072363
74.259000 -0.072597
74.292000 -0.071494
74.325000 -0.067384
74.359000 -0.063175
74.392000 -0.057131
74.425000 -0.050455
74.459000 -0.042546
74.492000 -0.034407
74.526000 -0.025266
74.559000 -0.016354
74.592000 -0.007700
74.626000 -0.000377
74.659000 0.007747
74.692000 0.014417
74.726000 0.018288
74.759000 0.022225
74.792000 0.024546
74.826000 0.024906
74.859000 0.023872
74.892000 0.021252
74.926000 0.016764
74.959000 0.011227
74.993000 0.004193
75.026000 -0.003032
75.059000 -0.011357
75.093000 -0.020301
75.126000 -0.029461
75.159000 -0.038009
75.193000 -0.046684
75.226000 -0.054427
75.259000 -0.061105
75.293000 -0.066115
75.326000 -0.069757
75.359000 -0.072229
75.393000 -0.073098
75.426000 -0.070759
75.460000 -0.068554
75.493000 -0.065213
75.526000 -0.060337
75.560000 -0.054227
75.593000 -0.046550
75.626000 -0.038776
75.660000 -0.030285
75.693000 -0.021602
75.726000 -0.013050
75.760000 -0.004377
75.793000 0.001827
75.827000 0.008967
75.860000 0.014004
75.893000 0.018634
75.927000 0.022339
75.960000 0.021958
75.993000 0.022729
76.027000 0.019408
76.060000 0.015954
76.093000 0.012017
76.127000 0.005943
76.160000 -0.001226
76.193000 -0.009467
76.227000 -0.017918
76.260000 -0.026817
76.294000 -0.035041
76.327000 -0.043280
76.360000 -0.050822
76.394000 -0.057632
76.427000 -0.063476
76.460000 -0.068220
76.494000 -0.069289
76.527000 -0.070492
76.560000 -0.070625
76.594000 -0.069356
76.627000 -0.065948
76.661000 -0.061272
76.694000 -0.053893
76.727000 -0.047384
76.761000 -0.039677
76.794000 -0.031335
76.827000 -0.022575
76.861000 -0.014290
76.894000 -0.005963
76.927000 0.000483
76.961000 0.007347
76.994000 0.011677
77.027000 0.016561
77.061000 0.020201
77.094000 0.021868
77.128000 0.022392
77.161000 0.020808
77.194000 0.017501
77.228000 0.013090
77.261000 0.007793
77.294000 0.000556
77.328000 -0.007443
77.361000 -0.016244
77.394000 -0.025069
77.428000 -0.033640
77.461000 -0.042079
77.495000 -0.049754
77.528000 -0.056931
77.561000 -0.062741
77.595000 -0.067284
77.628000 -0.070358
77.661000 -0.072330
77.695000 -0.072430
77.728000 -0.069489
77.761000 -0.066583
77.795000 -0.062641
77.828000 -0.056764
77.861000 -0.051122
77.895000 -0.043380
77.928000 -0.035741
77.962000 -0.027817
77.995000 -0.019448
78.028000 -0.011017
78.062000 -0.003221
78.095000 0.004210
78.128000 0.009037
78.162000 0.014194
78.195000 0.016697
78.228000 0.018708
78.262000 0.019431
78.295000 0.018481
78.329000 0.016074
78.362000 0.011904
78.395000 0.006317
78.429000 -0.000061
78.462000 -0.006457
78.495000 -0.014541
78.529000 -0.023035
78.562000 -0.031512
78.595000 -0.039911
78.629000 -0.047451
78.662000 -0.054026
78.695000 -0.060203
78.729000 -0.065113
78.762000 -0.068654
78.796000 -0.070759
78.829000 -0.071394
78.862000 -0.070692
78.896000 -0.066783
78.929000 -0.062908
78.962000 -0.057899
78.996000 -0.050555
79.029000 -0.043180
79.062000 -0.036175
79.096000 -0.028047
79.129000 -0.021395
79.162000 -0.013054
79.196000 -0.005247
79.229000 0.002382
